compute,40,13312,1,0,0,10,0
compute,40,13312,1,0,0,10,20
compute,40,1024,7,0,0,10,30
compute,40,1024,7,0,0,10,40
map,wiki-40G,1024,1,128,128,50
map,wiki-40G,1024,1,128,128,60
mapReduce,wiki-40G,1024,1,128,128,10,13312,1,128,128,70
mapReduce,wiki-40G,2048,1,128,128,10,13312,1,128,128,80
compute,10,13312,1,0,0,10,0
compute,10,13312,1,0,0,10,1


#sequence
compute,10,1024,8,0,0,12,0
compute,10,1024,8,0,0,4,1
compute,10,16384,1,0,0,8,1
compute,10,16384,1,0,0,4,5
compute,10,1024,1,170,0,4,5
compute,10,1024,1,170,0,4,9
compute,10,1024,1,0,85,4,9

#sequence
compute,10,1024,8,0,0,12,0
compute,10,1024,8,0,0,4,1
compute,10,16384,1,0,0,8,1
compute,10,16384,1,0,0,4,5
map,wiki-40G,1024,1,170,128,5
mapReduce,wiki-40G,2048,1,170,128,10,13312,1,128,128,9

#combination
compute,10,12288,1,0,0,4,0
compute,10,12288,1,0,0,4,0
compute,10,1024,6,0,0,4,0
compute,10,2048,6,0,0,4,0
compute,10,1024,1,64,0,4,0
compute,10,2048,1,64,0,4,0
compute,10,1024,1,32,64,4,0
compute,10,1024,1,32,64,4,0
compute,10,10240,1,0,0,4,0
compute,10,10240,1,0,0,4,0
compute,10,1024,4,0,0,4,0
compute,10,1024,4,0,0,4,0
compute,10,1024,1,128,0,4,0
compute,10,1024,1,64,0,4,0
compute,10,8192,1,32,128,4,0
compute,10,1024,1,32,64,4,0