compute,10,10240,5,100,50,5,0
compute,10,10240,5,100,50,5,0
compute,10,10240,5,100,50,5,0
compute,10,10240,5,100,50,5,0
compute,10,10240,5,100,50,5,0
compute,10,10240,5,100,50,5,0
compute,10,10240,5,100,50,5,0
compute,10,10240,5,100,50,5,0
compute,10,10240,5,100,50,5,0
compute,10,10240,5,100,50,5,0
compute,10,10240,5,100,50,5,0
compute,10,10240,5,100,50,5,0
compute,10,8192,4,80,40,5,0
compute,10,8192,4,80,40,5,0
compute,10,8192,4,80,40,5,0
compute,10,8192,4,80,40,5,0
compute,10,8192,4,80,40,5,0
compute,10,8192,4,80,40,5,0
compute,10,8192,4,80,40,5,0
compute,10,8192,4,80,40,5,0
compute,10,8192,4,80,40,5,0
compute,10,8192,4,80,40,5,0
compute,10,8192,4,80,40,5,0
compute,10,8192,4,80,40,5,0
