compute,10,16384,8,168,84,5,0
compute,10,16384,8,168,84,5,0
compute,10,16384,8,168,84,5,0
compute,10,16384,8,168,84,5,0
compute,10,16384,8,168,84,5,0
compute,10,16384,8,168,84,5,0
compute,10,16384,8,168,84,5,0
compute,10,16384,8,168,84,5,0
compute,10,16384,8,168,84,5,0
compute,10,16384,8,168,84,5,0
compute,10,16384,8,168,84,5,0
compute,10,16384,8,168,84,5,0
compute,10,16384,1,20,10,5,0
compute,10,16384,1,20,10,5,0
compute,10,16384,1,20,10,5,0
compute,10,16384,1,20,10,5,0
compute,10,16384,1,20,10,5,0
compute,10,16384,1,20,10,5,0
compute,10,16384,1,20,10,5,0
compute,10,16384,1,20,10,5,0
compute,10,16384,1,20,10,5,0
compute,10,16384,1,20,10,5,0
compute,10,16384,1,20,10,5,0
compute,10,16384,1,20,10,5,0
