compute,10,22528,11,228,114,5,0
compute,10,22528,11,228,114,5,0
compute,10,22528,11,228,114,5,0
compute,10,22528,11,228,114,5,0
compute,10,22528,11,228,114,5,0
compute,10,22528,11,228,114,5,0
compute,10,22528,11,228,114,5,0
compute,10,22528,11,228,114,5,0
compute,10,22528,11,228,114,5,0
compute,10,22528,11,228,114,5,0
compute,10,22528,11,228,114,5,0
compute,10,22528,11,228,114,5,0
compute,10,22528,2,40,20,5,0
compute,10,22528,2,40,20,5,0
compute,10,22528,2,40,20,5,0
compute,10,22528,2,40,20,5,0
compute,10,22528,2,40,20,5,0
compute,10,22528,2,40,20,5,0
compute,10,22528,2,40,20,5,0
compute,10,22528,2,40,20,5,0
compute,10,22528,2,40,20,5,0
compute,10,22528,2,40,20,5,0
compute,10,22528,2,40,20,5,0
compute,10,22528,2,40,20,5,0
