compute,10,24576,12,256,128,5,0
compute,10,24576,12,256,128,5,0
compute,10,24576,12,256,128,5,0
compute,10,24576,12,256,128,5,0
compute,10,24576,12,256,128,5,0
compute,10,24576,12,256,128,5,0
compute,10,24576,12,256,128,5,0
compute,10,24576,12,256,128,5,0
compute,10,24576,12,256,128,5,0
compute,10,24576,12,256,128,5,0
compute,10,24576,12,256,128,5,0
compute,10,24576,12,256,128,5,0
compute,10,24576,2,40,20,5,0
compute,10,24576,2,40,20,5,0
compute,10,24576,2,40,20,5,0
compute,10,24576,2,40,20,5,0
compute,10,24576,2,40,20,5,0
compute,10,24576,2,40,20,5,0
compute,10,24576,2,40,20,5,0
compute,10,24576,2,40,20,5,0
compute,10,24576,2,40,20,5,0
compute,10,24576,2,40,20,5,0
compute,10,24576,2,40,20,5,0
compute,10,24576,2,40,20,5,0
