compute,10,18432,9,188,94,5,0
compute,10,18432,9,188,94,5,0
compute,10,18432,9,188,94,5,0
compute,10,18432,9,188,94,5,0
compute,10,18432,9,188,94,5,0
compute,10,18432,9,188,94,5,0
compute,10,18432,9,188,94,5,0
compute,10,18432,9,188,94,5,0
compute,10,18432,9,188,94,5,0
compute,10,18432,9,188,94,5,0
compute,10,18432,9,188,94,5,0
compute,10,18432,9,188,94,5,0
compute,10,18432,1,20,10,5,0
compute,10,18432,1,20,10,5,0
compute,10,18432,1,20,10,5,0
compute,10,18432,1,20,10,5,0
compute,10,18432,1,20,10,5,0
compute,10,18432,1,20,10,5,0
compute,10,18432,1,20,10,5,0
compute,10,18432,1,20,10,5,0
compute,10,18432,1,20,10,5,0
compute,10,18432,1,20,10,5,0
compute,10,18432,1,20,10,5,0
compute,10,18432,1,20,10,5,0
