compute,10,24576,12,256,128,5,0
compute,10,24576,12,256,128,5,0
compute,10,24576,12,256,128,5,0
compute,10,24576,12,256,128,5,0
compute,10,24576,12,256,128,5,0
compute,10,24576,12,256,128,5,0
compute,10,24576,12,256,128,5,0
compute,10,24576,12,256,128,5,0
compute,10,24576,12,256,128,5,0
compute,10,24576,12,256,128,5,0
compute,10,24576,12,256,128,5,0
compute,10,24576,12,256,128,5,0
compute,10,24576,9,188,94,5,0
compute,10,24576,9,188,94,5,0
compute,10,24576,9,188,94,5,0
compute,10,24576,9,188,94,5,0
compute,10,24576,9,188,94,5,0
compute,10,24576,9,188,94,5,0
compute,10,24576,9,188,94,5,0
compute,10,24576,9,188,94,5,0
compute,10,24576,9,188,94,5,0
compute,10,24576,9,188,94,5,0
compute,10,24576,9,188,94,5,0
compute,10,24576,9,188,94,5,0
