compute,10,18432,9,188,94,5,0
compute,10,18432,9,188,94,5,0
compute,10,18432,9,188,94,5,0
compute,10,18432,9,188,94,5,0
compute,10,18432,9,188,94,5,0
compute,10,18432,9,188,94,5,0
compute,10,18432,9,188,94,5,0
compute,10,18432,9,188,94,5,0
compute,10,18432,9,188,94,5,0
compute,10,18432,9,188,94,5,0
compute,10,18432,9,188,94,5,0
compute,10,18432,9,188,94,5,0
compute,10,8192,4,80,40,5,0
compute,10,8192,4,80,40,5,0
compute,10,8192,4,80,40,5,0
compute,10,8192,4,80,40,5,0
compute,10,8192,4,80,40,5,0
compute,10,8192,4,80,40,5,0
compute,10,8192,4,80,40,5,0
compute,10,8192,4,80,40,5,0
compute,10,8192,4,80,40,5,0
compute,10,8192,4,80,40,5,0
compute,10,8192,4,80,40,5,0
compute,10,8192,4,80,40,5,0
