compute,10,24576,12,256,128,5,0
compute,10,24576,12,256,128,5,0
compute,10,24576,12,256,128,5,0
compute,10,24576,12,256,128,5,0
compute,10,24576,12,256,128,5,0
compute,10,24576,12,256,128,5,0
compute,10,24576,12,256,128,5,0
compute,10,24576,12,256,128,5,0
compute,10,24576,12,256,128,5,0
compute,10,24576,12,256,128,5,0
compute,10,24576,12,256,128,5,0
compute,10,24576,12,256,128,5,0
compute,10,24576,11,228,114,5,0
compute,10,24576,11,228,114,5,0
compute,10,24576,11,228,114,5,0
compute,10,24576,11,228,114,5,0
compute,10,24576,11,228,114,5,0
compute,10,24576,11,228,114,5,0
compute,10,24576,11,228,114,5,0
compute,10,24576,11,228,114,5,0
compute,10,24576,11,228,114,5,0
compute,10,24576,11,228,114,5,0
compute,10,24576,11,228,114,5,0
compute,10,24576,11,228,114,5,0
