compute,10,24576,12,256,128,5,0
compute,10,24576,12,256,128,5,0
compute,10,24576,12,256,128,5,0
compute,10,24576,12,256,128,5,0
compute,10,24576,12,256,128,5,0
compute,10,24576,12,256,128,5,0
compute,10,24576,12,256,128,5,0
compute,10,24576,12,256,128,5,0
compute,10,24576,12,256,128,5,0
compute,10,24576,12,256,128,5,0
compute,10,24576,12,256,128,5,0
compute,10,24576,12,256,128,5,0
compute,10,24576,4,80,40,5,0
compute,10,24576,4,80,40,5,0
compute,10,24576,4,80,40,5,0
compute,10,24576,4,80,40,5,0
compute,10,24576,4,80,40,5,0
compute,10,24576,4,80,40,5,0
compute,10,24576,4,80,40,5,0
compute,10,24576,4,80,40,5,0
compute,10,24576,4,80,40,5,0
compute,10,24576,4,80,40,5,0
compute,10,24576,4,80,40,5,0
compute,10,24576,4,80,40,5,0
