compute,10,12288,6,128,64,5,0
compute,10,12288,6,128,64,5,0
compute,10,12288,6,128,64,5,0
compute,10,12288,6,128,64,5,0
compute,10,12288,6,128,64,5,0
compute,10,12288,6,128,64,5,0
compute,10,12288,6,128,64,5,0
compute,10,12288,6,128,64,5,0
compute,10,12288,6,128,64,5,0
compute,10,12288,6,128,64,5,0
compute,10,12288,6,128,64,5,0
compute,10,12288,6,128,64,5,0
compute,10,12288,2,40,20,5,0
compute,10,12288,2,40,20,5,0
compute,10,12288,2,40,20,5,0
compute,10,12288,2,40,20,5,0
compute,10,12288,2,40,20,5,0
compute,10,12288,2,40,20,5,0
compute,10,12288,2,40,20,5,0
compute,10,12288,2,40,20,5,0
compute,10,12288,2,40,20,5,0
compute,10,12288,2,40,20,5,0
compute,10,12288,2,40,20,5,0
compute,10,12288,2,40,20,5,0
