compute,10,10240,5,100,50,5,0
compute,10,10240,5,100,50,5,0
compute,10,10240,5,100,50,5,0
compute,10,10240,5,100,50,5,0
compute,10,10240,5,100,50,5,0
compute,10,10240,5,100,50,5,0
compute,10,10240,5,100,50,5,0
compute,10,10240,5,100,50,5,0
compute,10,10240,5,100,50,5,0
compute,10,10240,5,100,50,5,0
compute,10,10240,5,100,50,5,0
compute,10,10240,5,100,50,5,0
compute,10,4096,2,40,20,5,0
compute,10,4096,2,40,20,5,0
compute,10,4096,2,40,20,5,0
compute,10,4096,2,40,20,5,0
compute,10,4096,2,40,20,5,0
compute,10,4096,2,40,20,5,0
compute,10,4096,2,40,20,5,0
compute,10,4096,2,40,20,5,0
compute,10,4096,2,40,20,5,0
compute,10,4096,2,40,20,5,0
compute,10,4096,2,40,20,5,0
compute,10,4096,2,40,20,5,0
