compute,10,10240,5,100,50,5,0
compute,10,10240,5,100,50,5,0
compute,10,10240,5,100,50,5,0
compute,10,10240,5,100,50,5,0
compute,10,10240,5,100,50,5,0
compute,10,10240,5,100,50,5,0
compute,10,10240,5,100,50,5,0
compute,10,10240,5,100,50,5,0
compute,10,10240,5,100,50,5,0
compute,10,10240,5,100,50,5,0
compute,10,10240,5,100,50,5,0
compute,10,10240,5,100,50,5,0
compute,10,10240,1,20,10,5,0
compute,10,10240,1,20,10,5,0
compute,10,10240,1,20,10,5,0
compute,10,10240,1,20,10,5,0
compute,10,10240,1,20,10,5,0
compute,10,10240,1,20,10,5,0
compute,10,10240,1,20,10,5,0
compute,10,10240,1,20,10,5,0
compute,10,10240,1,20,10,5,0
compute,10,10240,1,20,10,5,0
compute,10,10240,1,20,10,5,0
compute,10,10240,1,20,10,5,0
