compute,10,20480,10,208,104,5,0
compute,10,20480,10,208,104,5,0
compute,10,20480,10,208,104,5,0
compute,10,20480,10,208,104,5,0
compute,10,20480,10,208,104,5,0
compute,10,20480,10,208,104,5,0
compute,10,20480,10,208,104,5,0
compute,10,20480,10,208,104,5,0
compute,10,20480,10,208,104,5,0
compute,10,20480,10,208,104,5,0
compute,10,20480,10,208,104,5,0
compute,10,20480,10,208,104,5,0
compute,10,20480,3,60,30,5,0
compute,10,20480,3,60,30,5,0
compute,10,20480,3,60,30,5,0
compute,10,20480,3,60,30,5,0
compute,10,20480,3,60,30,5,0
compute,10,20480,3,60,30,5,0
compute,10,20480,3,60,30,5,0
compute,10,20480,3,60,30,5,0
compute,10,20480,3,60,30,5,0
compute,10,20480,3,60,30,5,0
compute,10,20480,3,60,30,5,0
compute,10,20480,3,60,30,5,0
