compute,10,12288,6,128,64,5,0
compute,10,12288,6,128,64,5,0
compute,10,12288,6,128,64,5,0
compute,10,12288,6,128,64,5,0
compute,10,12288,6,128,64,5,0
compute,10,12288,6,128,64,5,0
compute,10,12288,6,128,64,5,0
compute,10,12288,6,128,64,5,0
compute,10,12288,6,128,64,5,0
compute,10,12288,6,128,64,5,0
compute,10,12288,6,128,64,5,0
compute,10,12288,6,128,64,5,0
compute,10,2048,1,20,10,5,0
compute,10,2048,1,20,10,5,0
compute,10,2048,1,20,10,5,0
compute,10,2048,1,20,10,5,0
compute,10,2048,1,20,10,5,0
compute,10,2048,1,20,10,5,0
compute,10,2048,1,20,10,5,0
compute,10,2048,1,20,10,5,0
compute,10,2048,1,20,10,5,0
compute,10,2048,1,20,10,5,0
compute,10,2048,1,20,10,5,0
compute,10,2048,1,20,10,5,0
