compute,10,24576,12,256,128,5,0
compute,10,24576,12,256,128,5,0
compute,10,24576,12,256,128,5,0
compute,10,24576,12,256,128,5,0
compute,10,24576,12,256,128,5,0
compute,10,24576,12,256,128,5,0
compute,10,24576,12,256,128,5,0
compute,10,24576,12,256,128,5,0
compute,10,24576,12,256,128,5,0
compute,10,24576,12,256,128,5,0
compute,10,24576,12,256,128,5,0
compute,10,24576,12,256,128,5,0
compute,10,24576,1,20,10,5,0
compute,10,24576,1,20,10,5,0
compute,10,24576,1,20,10,5,0
compute,10,24576,1,20,10,5,0
compute,10,24576,1,20,10,5,0
compute,10,24576,1,20,10,5,0
compute,10,24576,1,20,10,5,0
compute,10,24576,1,20,10,5,0
compute,10,24576,1,20,10,5,0
compute,10,24576,1,20,10,5,0
compute,10,24576,1,20,10,5,0
compute,10,24576,1,20,10,5,0
