compute,10,8192,4,80,40,5,0
compute,10,8192,4,80,40,5,0
compute,10,8192,4,80,40,5,0
compute,10,8192,4,80,40,5,0
compute,10,8192,4,80,40,5,0
compute,10,8192,4,80,40,5,0
compute,10,8192,4,80,40,5,0
compute,10,8192,4,80,40,5,0
compute,10,8192,4,80,40,5,0
compute,10,8192,4,80,40,5,0
compute,10,8192,4,80,40,5,0
compute,10,8192,4,80,40,5,0
compute,10,8192,1,20,10,5,0
compute,10,8192,1,20,10,5,0
compute,10,8192,1,20,10,5,0
compute,10,8192,1,20,10,5,0
compute,10,8192,1,20,10,5,0
compute,10,8192,1,20,10,5,0
compute,10,8192,1,20,10,5,0
compute,10,8192,1,20,10,5,0
compute,10,8192,1,20,10,5,0
compute,10,8192,1,20,10,5,0
compute,10,8192,1,20,10,5,0
compute,10,8192,1,20,10,5,0
