compute,10,12288,6,128,64,5,0
compute,10,12288,6,128,64,5,0
compute,10,12288,6,128,64,5,0
compute,10,12288,6,128,64,5,0
compute,10,12288,6,128,64,5,0
compute,10,12288,6,128,64,5,0
compute,10,12288,6,128,64,5,0
compute,10,12288,6,128,64,5,0
compute,10,12288,6,128,64,5,0
compute,10,12288,6,128,64,5,0
compute,10,12288,6,128,64,5,0
compute,10,12288,6,128,64,5,0
compute,10,8192,4,80,40,5,0
compute,10,8192,4,80,40,5,0
compute,10,8192,4,80,40,5,0
compute,10,8192,4,80,40,5,0
compute,10,8192,4,80,40,5,0
compute,10,8192,4,80,40,5,0
compute,10,8192,4,80,40,5,0
compute,10,8192,4,80,40,5,0
compute,10,8192,4,80,40,5,0
compute,10,8192,4,80,40,5,0
compute,10,8192,4,80,40,5,0
compute,10,8192,4,80,40,5,0
