compute,10,4096,2,40,20,5,0
compute,10,4096,2,40,20,5,0
compute,10,4096,2,40,20,5,0
compute,10,4096,2,40,20,5,0
compute,10,4096,2,40,20,5,0
compute,10,4096,2,40,20,5,0
compute,10,4096,2,40,20,5,0
compute,10,4096,2,40,20,5,0
compute,10,4096,2,40,20,5,0
compute,10,4096,2,40,20,5,0
compute,10,4096,2,40,20,5,0
compute,10,4096,2,40,20,5,0
compute,10,4096,1,20,10,5,0
compute,10,4096,1,20,10,5,0
compute,10,4096,1,20,10,5,0
compute,10,4096,1,20,10,5,0
compute,10,4096,1,20,10,5,0
compute,10,4096,1,20,10,5,0
compute,10,4096,1,20,10,5,0
compute,10,4096,1,20,10,5,0
compute,10,4096,1,20,10,5,0
compute,10,4096,1,20,10,5,0
compute,10,4096,1,20,10,5,0
compute,10,4096,1,20,10,5,0
