compute,10,12288,6,128,64,5,0
compute,10,12288,6,128,64,5,0
compute,10,12288,6,128,64,5,0
compute,10,12288,6,128,64,5,0
compute,10,12288,6,128,64,5,0
compute,10,12288,6,128,64,5,0
compute,10,12288,6,128,64,5,0
compute,10,12288,6,128,64,5,0
compute,10,12288,6,128,64,5,0
compute,10,12288,6,128,64,5,0
compute,10,12288,6,128,64,5,0
compute,10,12288,6,128,64,5,0
compute,10,12288,3,60,30,5,0
compute,10,12288,3,60,30,5,0
compute,10,12288,3,60,30,5,0
compute,10,12288,3,60,30,5,0
compute,10,12288,3,60,30,5,0
compute,10,12288,3,60,30,5,0
compute,10,12288,3,60,30,5,0
compute,10,12288,3,60,30,5,0
compute,10,12288,3,60,30,5,0
compute,10,12288,3,60,30,5,0
compute,10,12288,3,60,30,5,0
compute,10,12288,3,60,30,5,0
