compute,10,2048,1,20,10,5,0
compute,10,2048,1,20,10,5,0
compute,10,2048,1,20,10,5,0
compute,10,2048,1,20,10,5,0
compute,10,2048,1,20,10,5,0
compute,10,2048,1,20,10,5,0
compute,10,2048,1,20,10,5,0
compute,10,2048,1,20,10,5,0
compute,10,2048,1,20,10,5,0
compute,10,2048,1,20,10,5,0
compute,10,2048,1,20,10,5,0
compute,10,2048,1,20,10,5,0
compute,10,16384,1,20,10,5,0
compute,10,16384,1,20,10,5,0
compute,10,16384,1,20,10,5,0
compute,10,16384,1,20,10,5,0
compute,10,16384,1,20,10,5,0
compute,10,16384,1,20,10,5,0
compute,10,16384,1,20,10,5,0
compute,10,16384,1,20,10,5,0
compute,10,16384,1,20,10,5,0
compute,10,16384,1,20,10,5,0
compute,10,16384,1,20,10,5,0
compute,10,16384,1,20,10,5,0
