compute,10,10240,5,100,50,5,0
compute,10,10240,5,100,50,5,0
compute,10,10240,5,100,50,5,0
compute,10,10240,5,100,50,5,0
compute,10,10240,5,100,50,5,0
compute,10,10240,5,100,50,5,0
compute,10,10240,5,100,50,5,0
compute,10,10240,5,100,50,5,0
compute,10,10240,5,100,50,5,0
compute,10,10240,5,100,50,5,0
compute,10,10240,5,100,50,5,0
compute,10,10240,5,100,50,5,0
compute,10,16384,5,100,50,5,0
compute,10,16384,5,100,50,5,0
compute,10,16384,5,100,50,5,0
compute,10,16384,5,100,50,5,0
compute,10,16384,5,100,50,5,0
compute,10,16384,5,100,50,5,0
compute,10,16384,5,100,50,5,0
compute,10,16384,5,100,50,5,0
compute,10,16384,5,100,50,5,0
compute,10,16384,5,100,50,5,0
compute,10,16384,5,100,50,5,0
compute,10,16384,5,100,50,5,0
