compute,10,12288,6,128,64,5,0
compute,10,12288,6,128,64,5,0
compute,10,12288,6,128,64,5,0
compute,10,12288,6,128,64,5,0
compute,10,12288,6,128,64,5,0
compute,10,12288,6,128,64,5,0
compute,10,12288,6,128,64,5,0
compute,10,12288,6,128,64,5,0
compute,10,12288,6,128,64,5,0
compute,10,12288,6,128,64,5,0
compute,10,12288,6,128,64,5,0
compute,10,12288,6,128,64,5,0
compute,10,14336,6,128,64,5,0
compute,10,14336,6,128,64,5,0
compute,10,14336,6,128,64,5,0
compute,10,14336,6,128,64,5,0
compute,10,14336,6,128,64,5,0
compute,10,14336,6,128,64,5,0
compute,10,14336,6,128,64,5,0
compute,10,14336,6,128,64,5,0
compute,10,14336,6,128,64,5,0
compute,10,14336,6,128,64,5,0
compute,10,14336,6,128,64,5,0
compute,10,14336,6,128,64,5,0
