FinalComple	Comple	Symm	FIFOSlowdown	FIFOUnfairness	FairSlowdown	FairUnfairness	DRFSlowdown	DRFUnfairness	PerfSlowdown	PerfUnfairness
0.000381608	0.201870792	0.043478261	0	0.084684066	0.0336	0	0.0336	0	0	0.084684066
0.004092039	0.200509909	0.142857143	0.111349036	0.810909008	0.042826552	0.001373716	0.042826552	0	0	1.392731836
0.000743709	0.089988799	0.090909091	0.127478754	0.277807208	0.053824363	0.013327424	0.033994334	0	0	0.38607684
0.000494225	0.059801199	0.090909091	0.046966732	0.290327738	0.068493151	0.000853799	0.068493151	0	0	1.043471084
0.001107421	0.00996679	0.333333333	0	0.059171282	0.024355301	0.005167647	0.03008596	0	0.004297994	0.139888374
0.000105333	0.01274525	0.090909091	0.030520646	0.746425319	0.077199282	0.000994565	0.059245961	0	0	0.641738999
7.46E-05	0.039450014	0.043478261	0.064784053	0.34140252	0.03654485	0	0.03654485	0	0	0.211556008
0.00219524	0.107566779	0.142857143	0.058084772	0.210072872	0.042386185	0.003049777	0.039246468	0	0	0.111456711
0.004092039	0.200509909	0.142857143	0.098591549	0.740960537	0.061032864	0	0.061032864	0	0	0.535136576
0.000405542	0.049070582	0.090909091	0.027932961	0.057299809	0	0	0	0	0.001862197	0.045567139
0.015154307	0.218828193	0.263157895	0.155752212	0.123647866	0.037168142	0.003670182	0.09380531	0	0	0.412133174
0.006749772	0.330738836	0.142857143	0.099818512	0.339419952	0.063520871	0.009458769	0.052631579	0	0	0.603765693
0.071971368	0.287885471	0.5	0.222222222	0.070680395	0.123263889	0.010522548	0.128472222	0	0	0.271890384
0.002013877	0.050346934	0.2	0.091463415	0.191351954	0.111788618	0	0.111788618	0	0	0.4385649
0.002299712	0.020697406	0.333333333	0.034129693	0.147135474	0.052901024	0.004444573	0.063139932	0	0	0.210901195
0.002200358	0.031773165	0.263157895	0.044576523	0.134023576	0.069836553	0	0.069836553	0	0	0.202055861
0.026143905	0.154195683	0.411764706	0.260047281	0.507110958	0.108747045	0.020697305	0.108747045	0	0	0.890398464
0.006002154	0.150053842	0.2	0.153543307	0.730427015	0.011811024	0.014196083	0.001968504	0	0	0.314750918
0.000709892	0.085896977	0.090909091	0.020109689	0.245447018	0.027422303	0	0.027422303	0	0	0.193545429
0.028845604	0.416530517	0.263157895	0.137111517	0.83361714	0.032906764	0	0.032906764	0	0	0.511526436
0.099549503	0.398198013	0.5	0.256235828	0.243218551	0.102040816	0.018205675	0.126984127	0	0	0.352241601
0.002902496	0.142222281	0.142857143	0.016541353	0.127041043	0.028571429	0.00668786	0.02406015	0	0	0.413248294
0.002059755	0.100927984	0.142857143	0.054602184	0.054897374	0.021840874	0.008657375	0.035881435	0	0	0.696087735
0.00479465	0.119866242	0.2	0.213709677	0.192411077	0.217741935	0.007046635	0.239919355	0	0	0.313371153
0.080417954	0.112319291	0.846153846	0.102167183	0.234692868	0.123839009	0.004146781	0.120743034	0	0	0.201299744
0.001633623	0.023589522	0.263157895	0.042553191	0.110324232	0.080196399	0.004543469	0.073649755	0	0	0.071850312
0.006627248	0.095697463	0.263157895	0.036334913	0.124574939	0.034755134	0.001578107	0.036334913	0	0	0.174000305
0.013775056	0.198911808	0.263157895	0.178506375	0.237047754	0.072859745	0.004634233	0.071038251	0	0	0.096664039
0.025922832	0.23330549	0.333333333	0.061769616	0.231232651	0.035058431	0	0.035058431	0	0	0.116563542
0.019216891	0.277491902	0.263157895	0.103130755	0.462820794	0.034990792	0	0.034990792	0	0	0.350530622
0.172391045	0.337886449	0.714285714	0.311363636	0.8760923	0.325	0	0.329545455	0	0	1.990657674
0.038574126	0.34716713	0.333333333	0.147121535	0.152268812	0.12793177	0.00963245	0.121535181	0	0	0.360127714
0.002915272	0.142848325	0.142857143	0.161637931	0.827001398	0.068965517	0.010074832	0.086206897	0	0	0.937693452
0.000540809	0.065437869	0.090909091	0.09202454	0.074832625	0.041411043	0	0.06595092	0	0	1.393374513
0.061405074	0.085764111	0.846153846	0.048598131	0.035789789	0.074766355	0.000291886	0.080373832	0	0	0.163890797
0.007162907	0.179072674	0.2	0.256198347	0.152941104	0.212809917	0.005461858	0.216942149	0	0	0.072460317
0.045886005	0.183544019	0.5	0.264325323	0.698709607	0.201478743	0.003635754	0.201478743	0	0	1.059105209
0.002028227	0.099383135	0.142857143	0.113149847	0.07284726	0.073394495	0.003052017	0.081039755	0	0	0.008535064
0.076888322	0.453484183	0.411764706	0.170575693	0.502443541	0.068230277	0.002394926	0.061833689	0	0	0.396872252
0.101042902	0.595946914	0.411764706	0.298507463	1.375030701	0.051172708	0.01259973	0.051172708	0	0	0.636754676
0.026892428	0.242031856	0.333333333	0.150627615	0.777653485	0.064853556	0.00985067	0.062761506	0	0	1.585131398
0.157547878	0.437632993	0.6	0.400503778	0.246037764	0.294710327	0.014761299	0.317380353	0	0	0.420198626
0.011161123	0.16116661	0.263157895	0.17208413	0.064534691	0.093690249	0.015137404	0.080305927	0	0	0.037855606
0.016899456	0.152095101	0.333333333	0.285132383	0.519283952	0.301425662	0.002054824	0.291242363	0	0	0.980030664
0.021867383	0.087469531	0.5	0.187175043	0.094489811	0.223570191	0.001587907	0.223570191	0	0	0.46665133
0.103496385	0.144552802	0.846153846	0.062770563	0.03938972	0.114718615	0.002198937	0.114718615	0	0	0.805789576
0.016602957	0.239746704	0.263157895	0.344907407	0.301161836	0.194444444	0.014672758	0.178240741	0	0	0.166909466
0.040967965	0.368711685	0.333333333	0.290540541	0.167147462	0.211711712	0.007768362	0.211711712	0	0	0.119726399
0.08011335	0.320453402	0.5	0.209643606	0.327052498	0.106918239	0.003543635	0.111111111	0	0	0.523595993
4.01E-06	0.002122557	0.043478261	0	0.042602931	0.036850921	0	0.036850921	0	0.006700168	0.04626096
0.38940336	0.38940336	1	0.376391982	0.042046063	0.349665924	0.002673754	0.338530067	0	0	0.426245791
0.201597087	0.395130291	0.714285714	0.434895833	0.754737384	0.346354167	0.025448933	0.3203125	0	0	0.779891081
0.142832317	0.396756437	0.6	0.322654462	0.538486079	0.102974828	0.009713305	0.057208238	0	0	0.173948297
0.063766894	0.255067577	0.5	0.219206681	0.484456303	0.208768267	0.00462963	0.21085595	0	0	0.866341243
0.113750151	0.158874178	0.846153846	0.237113402	0.249431071	0.237113402	0.005428307	0.249484536	0	0	0.829186161
0.131328036	0.183425108	0.846153846	0.225806452	0.637453215	0.187096774	0.004585171	0.182795699	0	0	1.709044834
0.0898623	0.2496175	0.6	0.284232365	0.252126031	0.248962656	0.010550729	0.255186722	0	0	0.586006273
0.377211216	0.377211216	1	0.344221106	0.207396817	0.233668342	0	0.236180905	0	0	0.561516152
0.027517316	0.162296005	0.411764706	0.178707224	0.098710269	0.142585551	0.003403839	0.144486692	0	0	0.062371347
0.357294831	0.357294831	1	0.411609499	0.067749117	0.313984169	0.005780915	0.308707124	0	0	0.160194083
