compute,10,12288,2,40,20,5,0
compute,10,12288,2,40,20,5,0
compute,10,12288,2,40,20,5,0
compute,10,12288,2,40,20,5,0
compute,10,12288,2,40,20,5,0
compute,10,12288,2,40,20,5,0
compute,10,4096,6,40,20,5,0
compute,10,4096,6,40,20,5,0
compute,10,4096,6,40,20,5,0
compute,10,4096,6,40,20,5,0
compute,10,4096,6,40,20,5,0
compute,10,4096,6,40,20,5,0
compute,10,4096,2,128,20,5,0
compute,10,4096,2,128,20,5,0
compute,10,4096,2,128,20,5,0
compute,10,4096,2,128,20,5,0
compute,10,4096,2,128,20,5,0
compute,10,4096,2,128,20,5,0
compute,10,4096,2,40,64,5,0
compute,10,4096,2,40,64,5,0
compute,10,4096,2,40,64,5,0
compute,10,4096,2,40,64,5,0
compute,10,4096,2,40,64,5,0
compute,10,4096,2,40,64,5,0
compute,10,12288,2,40,20,5,0
compute,10,12288,2,40,20,5,0
compute,10,12288,2,40,20,5,0
compute,10,12288,2,40,20,5,0
compute,10,12288,2,40,20,5,0
compute,10,12288,2,40,20,5,0
compute,10,4096,6,40,20,5,0
compute,10,4096,6,40,20,5,0
compute,10,4096,6,40,20,5,0
compute,10,4096,6,40,20,5,0
compute,10,4096,6,40,20,5,0
compute,10,4096,6,40,20,5,0
compute,10,4096,2,128,20,5,0
compute,10,4096,2,128,20,5,0
compute,10,4096,2,128,20,5,0
compute,10,4096,2,128,20,5,0
compute,10,4096,2,128,20,5,0
compute,10,4096,2,128,20,5,0
compute,10,4096,2,40,64,5,0
compute,10,4096,2,40,64,5,0
compute,10,4096,2,40,64,5,0
compute,10,4096,2,40,64,5,0
compute,10,4096,2,40,64,5,0
compute,10,4096,2,40,64,5,0
compute,10,12288,2,40,20,5,0
compute,10,12288,2,40,20,5,0
compute,10,12288,2,40,20,5,0
compute,10,12288,2,40,20,5,0
compute,10,12288,2,40,20,5,0
compute,10,12288,2,40,20,5,0
compute,10,4096,6,40,20,5,0
compute,10,4096,6,40,20,5,0
compute,10,4096,6,40,20,5,0
compute,10,4096,6,40,20,5,0
compute,10,4096,6,40,20,5,0
compute,10,4096,6,40,20,5,0
compute,10,4096,2,128,20,5,0
compute,10,4096,2,128,20,5,0
compute,10,4096,2,128,20,5,0
compute,10,4096,2,128,20,5,0
compute,10,4096,2,128,20,5,0
compute,10,4096,2,128,20,5,0
compute,10,4096,2,40,64,5,0
compute,10,4096,2,40,64,5,0
compute,10,4096,2,40,64,5,0
compute,10,4096,2,40,64,5,0
compute,10,4096,2,40,64,5,0
compute,10,4096,2,40,64,5,0
compute,10,12288,2,40,20,5,0
compute,10,12288,2,40,20,5,0
compute,10,12288,2,40,20,5,0
compute,10,12288,2,40,20,5,0
compute,10,12288,2,40,20,5,0
compute,10,12288,2,40,20,5,0
compute,10,4096,6,40,20,5,0
compute,10,4096,6,40,20,5,0
compute,10,4096,6,40,20,5,0
compute,10,4096,6,40,20,5,0
compute,10,4096,6,40,20,5,0
compute,10,4096,6,40,20,5,0
compute,10,4096,2,128,20,5,0
compute,10,4096,2,128,20,5,0
compute,10,4096,2,128,20,5,0
compute,10,4096,2,128,20,5,0
compute,10,4096,2,128,20,5,0
compute,10,4096,2,128,20,5,0
compute,10,4096,2,40,64,5,0
compute,10,4096,2,40,64,5,0
compute,10,4096,2,40,64,5,0
compute,10,4096,2,40,64,5,0
compute,10,4096,2,40,64,5,0
compute,10,4096,2,40,64,5,0