compute,10,14336,7,148,74,5,0
compute,10,14336,7,148,74,5,0
compute,10,14336,7,148,74,5,0
compute,10,14336,7,148,74,5,0
compute,10,14336,7,148,74,5,0
compute,10,14336,7,148,74,5,0
compute,10,14336,7,148,74,5,0
compute,10,14336,7,148,74,5,0
compute,10,14336,7,148,74,5,0
compute,10,14336,7,148,74,5,0
compute,10,14336,7,148,74,5,0
compute,10,14336,7,148,74,5,0
compute,10,10240,5,100,50,5,0
compute,10,10240,5,100,50,5,0
compute,10,10240,5,100,50,5,0
compute,10,10240,5,100,50,5,0
compute,10,10240,5,100,50,5,0
compute,10,10240,5,100,50,5,0
compute,10,10240,5,100,50,5,0
compute,10,10240,5,100,50,5,0
compute,10,10240,5,100,50,5,0
compute,10,10240,5,100,50,5,0
compute,10,10240,5,100,50,5,0
compute,10,10240,5,100,50,5,0
