compute,10,8192,3,60,30,5,0
compute,10,8192,3,60,30,5,0
compute,10,8192,3,60,30,5,0
compute,10,8192,3,60,30,5,0
compute,10,8192,3,60,30,5,0
compute,10,8192,3,60,30,5,0
compute,10,6144,4,60,30,5,0
compute,10,6144,4,60,30,5,0
compute,10,6144,4,60,30,5,0
compute,10,6144,4,60,30,5,0
compute,10,6144,4,60,30,5,0
compute,10,6144,4,60,30,5,0
compute,10,6144,3,80,30,5,0
compute,10,6144,3,80,30,5,0
compute,10,6144,3,80,30,5,0
compute,10,6144,3,80,30,5,0
compute,10,6144,3,80,30,5,0
compute,10,6144,3,80,30,5,0
compute,10,6144,3,60,40,5,0
compute,10,6144,3,60,40,5,0
compute,10,6144,3,60,40,5,0
compute,10,6144,3,60,40,5,0
compute,10,6144,3,60,40,5,0
compute,10,6144,3,60,40,5,0
