compute,10,24576,12,256,128,5,0
compute,10,24576,12,256,128,5,0
compute,10,24576,12,256,128,5,0
compute,10,24576,12,256,128,5,0
compute,10,24576,12,256,128,5,0
compute,10,24576,12,256,128,5,0
compute,10,24576,12,256,128,5,0
compute,10,24576,12,256,128,5,0
compute,10,24576,12,256,128,5,0
compute,10,24576,12,256,128,5,0
compute,10,24576,12,256,128,5,0
compute,10,24576,12,256,128,5,0
compute,10,12288,6,128,64,5,0
compute,10,12288,6,128,64,5,0
compute,10,12288,6,128,64,5,0
compute,10,12288,6,128,64,5,0
compute,10,12288,6,128,64,5,0
compute,10,12288,6,128,64,5,0
compute,10,12288,6,128,64,5,0
compute,10,12288,6,128,64,5,0
compute,10,12288,6,128,64,5,0
compute,10,12288,6,128,64,5,0
compute,10,12288,6,128,64,5,0
compute,10,12288,6,128,64,5,0
