compute,10,14336,7,148,74,5,0
compute,10,14336,7,148,74,5,0
compute,10,14336,7,148,74,5,0
compute,10,14336,7,148,74,5,0
compute,10,14336,7,148,74,5,0
compute,10,14336,7,148,74,5,0
compute,10,14336,7,148,74,5,0
compute,10,14336,7,148,74,5,0
compute,10,14336,7,148,74,5,0
compute,10,14336,7,148,74,5,0
compute,10,14336,7,148,74,5,0
compute,10,14336,7,148,74,5,0
compute,10,4096,2,40,20,5,0
compute,10,4096,2,40,20,5,0
compute,10,4096,2,40,20,5,0
compute,10,4096,2,40,20,5,0
compute,10,4096,2,40,20,5,0
compute,10,4096,2,40,20,5,0
compute,10,4096,2,40,20,5,0
compute,10,4096,2,40,20,5,0
compute,10,4096,2,40,20,5,0
compute,10,4096,2,40,20,5,0
compute,10,4096,2,40,20,5,0
compute,10,4096,2,40,20,5,0
