compute,10,24576,12,256,128,5,0
compute,10,24576,12,256,128,5,0
compute,10,24576,12,256,128,5,0
compute,10,24576,12,256,128,5,0
compute,10,24576,12,256,128,5,0
compute,10,24576,12,256,128,5,0
compute,10,24576,12,256,128,5,0
compute,10,24576,12,256,128,5,0
compute,10,24576,12,256,128,5,0
compute,10,24576,12,256,128,5,0
compute,10,24576,12,256,128,5,0
compute,10,24576,12,256,128,5,0
compute,10,10240,5,100,50,5,0
compute,10,10240,5,100,50,5,0
compute,10,10240,5,100,50,5,0
compute,10,10240,5,100,50,5,0
compute,10,10240,5,100,50,5,0
compute,10,10240,5,100,50,5,0
compute,10,10240,5,100,50,5,0
compute,10,10240,5,100,50,5,0
compute,10,10240,5,100,50,5,0
compute,10,10240,5,100,50,5,0
compute,10,10240,5,100,50,5,0
compute,10,10240,5,100,50,5,0
