compute,10,4096,1,20,10,5,0
compute,10,4096,1,20,10,5,0
compute,10,4096,1,20,10,5,0
compute,10,4096,1,20,10,5,0
compute,10,4096,1,20,10,5,0
compute,10,4096,1,20,10,5,0
compute,10,2048,2,20,10,5,0
compute,10,2048,2,20,10,5,0
compute,10,2048,2,20,10,5,0
compute,10,2048,2,20,10,5,0
compute,10,2048,2,20,10,5,0
compute,10,2048,2,20,10,5,0
compute,10,2048,1,40,10,5,0
compute,10,2048,1,40,10,5,0
compute,10,2048,1,40,10,5,0
compute,10,2048,1,40,10,5,0
compute,10,2048,1,40,10,5,0
compute,10,2048,1,40,10,5,0
compute,10,2048,1,20,20,5,0
compute,10,2048,1,20,20,5,0
compute,10,2048,1,20,20,5,0
compute,10,2048,1,20,20,5,0
compute,10,2048,1,20,20,5,0
compute,10,2048,1,20,20,5,0
