compute,10,24576,12,256,128,5,0
compute,10,24576,12,256,128,5,0
compute,10,24576,12,256,128,5,0
compute,10,24576,12,256,128,5,0
compute,10,24576,12,256,128,5,0
compute,10,24576,12,256,128,5,0
compute,10,24576,12,256,128,5,0
compute,10,24576,12,256,128,5,0
compute,10,24576,12,256,128,5,0
compute,10,24576,12,256,128,5,0
compute,10,24576,12,256,128,5,0
compute,10,24576,12,256,128,5,0
compute,10,20480,10,208,104,5,0
compute,10,20480,10,208,104,5,0
compute,10,20480,10,208,104,5,0
compute,10,20480,10,208,104,5,0
compute,10,20480,10,208,104,5,0
compute,10,20480,10,208,104,5,0
compute,10,20480,10,208,104,5,0
compute,10,20480,10,208,104,5,0
compute,10,20480,10,208,104,5,0
compute,10,20480,10,208,104,5,0
compute,10,20480,10,208,104,5,0
compute,10,20480,10,208,104,5,0
