FinalComple Comple Symm FIFOSlowdown FIFOUnfairness FairSlowdown FairUnfairness DRFSlowdown DRFUnfairness PerfSlowdown PerfUnfairness 
0.008 0.200 0.200 0.184 0.094 0.184 0.048 0.184 0.000 0.000 0.097
0.000 0.044 0.091 0.000 0.034 0.135 0.000 0.149 0.000 0.135 0.005
0.002 0.051 0.200 0.062 0.126 0.062 0.035 0.062 0.000 0.000 0.128
0.003 0.023 0.333 0.182 0.015 0.260 0.096 0.169 0.000 0.000 1.233
0.004 0.033 0.333 0.299 0.091 0.254 0.090 0.239 0.000 0.000 0.431
0.066 0.066 1.000 0.137 0.152 0.288 0.176 0.192 0.000 0.000 0.096
0.000 0.009 0.091 0.000 0.135 0.267 0.011 0.291 0.000 0.000 0.135
0.000 0.044 0.091 0.000 0.095 0.145 0.121 0.145 0.000 0.000 0.095
0.009 0.081 0.333 0.071 0.301 0.429 0.070 0.429 0.000 0.000 0.252
0.026 0.237 0.333 0.049 0.508 0.099 0.113 0.123 0.000 0.000 0.419
0.004 0.110 0.200 0.130 0.011 0.259 0.180 0.259 0.000 0.000 0.428
0.020 0.082 0.500 0.123 0.288 0.123 0.076 0.099 0.000 0.000 0.274
0.000 0.000 0.000 0.000 0.228 0.243 0.000 0.243 0.000 0.029 0.083
0.012 0.109 0.333 0.320 0.230 0.480 0.087 0.420 0.000 0.000 0.409
0.009 0.037 0.500 0.000 0.468 0.216 0.034 0.243 0.000 0.054 0.102
0.009 0.037 0.500 0.056 0.152 0.000 0.022 0.000 0.000 0.033 0.150
0.028 0.112 0.500 0.352 1.164 0.222 0.111 0.185 0.000 0.000 0.333
0.020 0.082 0.500 0.059 0.000 0.044 0.076 0.074 0.000 0.000 0.000
0.006 0.051 0.333 0.101 0.117 0.000 0.035 0.000 0.000 0.029 0.088
0.000 0.047 0.091 0.000 0.008 0.022 0.069 0.022 0.000 0.000 0.008
0.001 0.017 0.200 0.000 0.101 0.236 0.016 0.236 0.000 0.200 0.347
0.019 0.075 0.500 0.055 0.962 0.178 0.044 0.151 0.000 0.000 0.202
0.185 0.185 1.000 0.000 0.611 0.039 0.108 0.066 0.000 0.000 0.493
0.008 0.069 0.333 0.000 0.281 0.284 0.073 0.284 0.000 0.134 0.631
0.046 0.091 0.714 0.146 0.004 0.375 0.329 0.354 0.000 0.000 0.472
0.007 0.065 0.333 0.010 1.295 0.010 0.106 0.010 0.000 0.000 1.028
0.051 0.051 1.000 0.000 0.107 0.106 0.116 0.085 0.000 0.149 0.005
0.040 0.078 0.714 0.091 0.444 0.182 0.040 0.200 0.000 0.000 0.399
0.046 0.182 0.500 0.306 0.244 0.469 0.179 0.347 0.000 0.000 0.020
0.075 0.147 0.714 0.000 0.152 0.222 0.286 0.286 0.000 0.000 0.152
0.056 0.223 0.500 0.125 0.815 0.167 0.282 0.153 0.000 0.000 0.495
0.130 0.130 1.000 0.125 0.018 0.016 0.174 0.172 0.000 0.000 0.111
0.019 0.075 0.500 0.172 0.091 0.172 0.156 0.125 0.000 0.000 0.167
0.069 0.135 0.714 0.203 0.029 0.203 0.183 0.188 0.000 0.000 0.015
0.025 0.050 0.714 0.000 0.055 0.043 0.173 0.000 0.000 0.000 0.211
0.073 0.144 0.714 0.097 0.282 0.167 0.101 0.083 0.000 0.000 0.286
0.025 0.101 0.500 0.080 0.014 0.013 0.176 0.000 0.000 0.027 0.005
0.029 0.057 0.714 0.026 0.069 0.078 0.161 0.026 0.000 0.000 0.130
0.002 0.044 0.200 0.000 0.007 0.159 0.083 0.159 0.000 0.134 0.155
0.072 0.142 0.714 0.032 2.023 0.258 0.050 0.258 0.000 0.000 0.176
0.029 0.057 0.714 0.118 0.646 0.294 0.048 0.294 0.000 0.000 0.105
0.000 0.009 0.091 0.000 0.401 0.250 0.016 0.250 0.000 0.078 0.040
0.014 0.054 0.500 0.000 0.129 0.258 0.061 0.226 0.000 0.194 0.176
0.102 0.201 0.714 0.214 0.062 0.171 0.270 0.071 0.000 0.000 0.375
0.037 0.072 0.714 0.000 0.143 0.056 0.094 0.056 0.000 0.056 0.518
0.017 0.070 0.500 0.070 0.544 0.169 0.105 0.169 0.000 0.000 0.381
0.062 0.121 0.714 0.148 0.404 0.204 0.136 0.074 0.000 0.000 0.015
0.073 0.144 0.714 0.196 0.167 0.072 0.123 0.021 0.000 0.000 0.092
0.044 0.178 0.500 0.032 0.008 0.113 0.384 0.194 0.000 0.000 0.000
0.018 0.166 0.333 0.026 0.454 0.184 0.063 0.224 0.000 0.000 0.463
0.044 0.086 0.714 0.134 0.212 0.000 0.104 0.024 0.000 0.024 0.098
0.014 0.123 0.333 0.044 0.937 0.294 0.028 0.294 0.000 0.000 0.054
0.028 0.111 0.500 0.185 1.461 0.246 0.094 0.108 0.000 0.000 0.583
0.041 0.080 0.714 0.013 0.220 0.000 0.060 0.120 0.000 0.013 0.228
0.013 0.115 0.333 0.231 0.015 0.138 0.121 0.138 0.000 0.000 0.027
0.021 0.083 0.500 0.100 0.250 0.037 0.098 0.050 0.000 0.000 0.039
0.019 0.076 0.500 0.082 0.009 0.110 0.275 0.082 0.000 0.000 0.496
0.073 0.142 0.714 0.169 0.126 0.017 0.129 0.136 0.000 0.000 0.359
0.071 0.071 1.000 0.138 0.066 0.000 0.126 0.034 0.000 0.086 0.161
0.019 0.074 0.500 0.000 0.232 0.090 0.177 0.164 0.000 0.000 0.232
0.092 0.092 1.000 0.127 0.378 0.056 0.086 0.127 0.000 0.000 0.135
0.009 0.081 0.333 0.101 0.185 0.045 0.093 0.000 0.000 0.022 0.157
0.017 0.068 0.500 0.000 0.415 0.245 0.079 0.170 0.000 0.132 0.438
0.030 0.118 0.500 0.000 0.499 0.217 0.077 0.150 0.000 0.033 0.129
0.000 0.057 0.091 0.197 1.061 0.113 0.008 0.169 0.000 0.000 0.371
0.013 0.116 0.333 0.189 0.429 0.264 0.052 0.377 0.000 0.000 0.241
0.044 0.086 0.714 0.026 0.333 0.091 0.155 0.013 0.000 0.000 1.664
0.082 0.082 1.000 0.208 0.616 0.014 0.044 0.139 0.000 0.000 0.397
0.135 0.135 1.000 0.033 0.145 0.000 0.223 0.000 0.000 0.000 0.169
0.130 0.254 0.714 0.246 1.207 0.230 0.021 0.164 0.000 0.000 0.143
0.000 0.004 0.091 0.043 0.554 0.122 0.005 0.122 0.000 0.000 0.627
0.006 0.159 0.200 0.065 0.273 0.146 0.049 0.114 0.000 0.000 0.202
0.003 0.086 0.200 0.000 1.292 0.178 0.003 0.188 0.000 0.000 0.995
0.003 0.029 0.333 0.000 0.140 0.069 0.036 0.042 0.000 0.021 0.182
0.001 0.022 0.200 0.088 0.152 0.071 0.082 0.088 0.000 0.000 0.133
0.000 0.004 0.091 0.000 0.133 0.103 0.033 0.128 0.000 0.000 0.133
0.014 0.125 0.333 0.169 0.615 0.260 0.179 0.273 0.000 0.000 0.722
0.000 0.047 0.091 0.019 1.591 0.150 0.066 0.121 0.000 0.000 1.441
0.000 0.004 0.091 0.000 0.211 0.122 0.016 0.148 0.000 0.000 0.211
0.014 0.123 0.333 0.105 3.033 0.284 0.025 0.126 0.000 0.000 2.711
0.029 0.117 0.500 0.086 1.106 0.314 0.064 0.314 0.000 0.000 0.830
0.064 0.256 0.500 0.105 0.315 0.179 0.039 0.137 0.000 0.000 0.100
0.021 0.085 0.500 0.000 1.130 0.065 0.175 0.009 0.000 0.037 1.197
0.015 0.058 0.500 0.165 1.793 0.204 0.067 0.117 0.000 0.000 0.417
0.000 0.011 0.200 0.057 0.174 0.131 0.071 0.074 0.000 0.000 0.156
0.012 0.049 0.500 0.109 0.315 0.185 0.079 0.250 0.000 0.000 0.347
0.032 0.128 0.500 0.102 1.376 0.091 0.070 0.102 0.000 0.000 0.991
0.047 0.189 0.500 0.096 0.012 0.037 0.238 0.067 0.000 0.000 0.083
0.098 0.391 0.500 0.321 0.566 0.205 0.164 0.000 0.000 0.054 0.282
0.001 0.156 0.091 0.009 0.082 0.078 0.103 0.052 0.000 0.000 0.082
0.037 0.148 0.500 0.153 0.220 0.250 0.059 0.236 0.000 0.000 0.912
0.033 0.134 0.500 0.097 0.083 0.088 0.035 0.071 0.000 0.000 0.070
0.032 0.127 0.500 0.242 0.272 0.330 0.081 0.242 0.000 0.000 0.424
0.010 0.090 0.333 0.362 0.795 0.203 0.152 0.217 0.000 0.000 0.180
0.023 0.091 0.500 0.184 0.312 0.160 0.118 0.080 0.000 0.000 0.195
0.010 0.090 0.333 0.073 0.177 0.000 0.145 0.033 0.000 0.033 0.248
0.158 0.158 1.000 0.287 0.831 0.241 0.218 0.080 0.000 0.000 0.228
0.000 0.047 0.091 0.000 0.000 0.103 0.088 0.151 0.000 0.000 0.000
0.140 0.275 0.714 0.435 0.299 0.447 0.236 0.141 0.000 0.000 0.022
0.001 0.009 0.333 0.000 0.245 0.204 0.093 0.230 0.000 0.000 0.210
0.148 0.290 0.714 0.250 2.001 0.421 0.105 0.263 0.000 0.000 0.941
0.111 0.218 0.714 0.164 1.028 0.138 0.154 0.052 0.000 0.000 0.255
0.037 0.149 0.500 0.426 0.229 0.351 0.143 0.309 0.000 0.000 0.000
0.065 0.127 0.714 0.145 0.074 0.154 0.135 0.085 0.000 0.000 0.244
0.020 0.081 0.500 0.089 0.175 0.138 0.155 0.114 0.000 0.000 0.319
0.005 0.047 0.333 0.152 0.162 0.072 0.090 0.080 0.000 0.000 0.071
0.099 0.195 0.714 0.093 0.601 0.165 0.081 0.062 0.000 0.000 0.187
0.007 0.182 0.200 0.176 1.209 0.176 0.050 0.137 0.000 0.000 0.819
0.085 0.085 1.000 0.227 0.609 0.258 0.071 0.144 0.000 0.000 0.036
0.034 0.138 0.500 0.253 0.955 0.303 0.161 0.162 0.000 0.000 0.163
0.061 0.119 0.714 0.241 0.502 0.138 0.142 0.017 0.000 0.000 0.122
0.203 0.203 1.000 0.253 0.390 0.177 0.158 0.114 0.000 0.000 0.203
0.178 0.178 1.000 0.133 0.333 0.133 0.194 0.000 0.000 0.027 0.448
0.003 0.068 0.200 0.029 0.614 0.257 0.061 0.257 0.000 0.000 1.765
0.053 0.103 0.714 0.281 0.909 0.323 0.186 0.146 0.000 0.000 0.385
0.013 0.050 0.500 0.000 0.508 0.099 0.186 0.022 0.000 0.011 0.436
0.057 0.227 0.500 0.102 0.073 0.041 0.425 0.020 0.000 0.000 0.394
0.034 0.137 0.500 0.302 0.350 0.337 0.231 0.140 0.000 0.000 0.069
0.108 0.212 0.714 0.267 0.330 0.244 0.136 0.000 0.000 0.067 0.174
0.033 0.134 0.500 0.096 0.058 0.193 0.212 0.193 0.000 0.000 0.033
0.192 0.192 1.000 0.074 0.498 0.253 0.163 0.042 0.000 0.000 0.250
0.053 0.104 0.714 0.093 0.564 0.244 0.142 0.151 0.000 0.000 0.111
0.013 0.121 0.333 0.000 0.337 0.309 0.074 0.265 0.000 0.074 0.525
0.053 0.104 0.714 0.204 0.224 0.143 0.144 0.071 0.000 0.000 0.083
0.004 0.106 0.200 0.010 0.378 0.067 0.220 0.086 0.000 0.000 0.079
0.132 0.259 0.714 0.138 1.152 0.255 0.189 0.053 0.000 0.000 0.777
0.024 0.095 0.500 0.052 0.723 0.026 0.003 0.043 0.000 0.000 0.466
0.020 0.081 0.500 0.297 0.576 0.143 0.088 0.110 0.000 0.000 0.465
0.027 0.239 0.333 0.290 0.352 0.376 0.064 0.183 0.000 0.000 0.156
0.113 0.113 1.000 0.198 0.334 0.219 0.192 0.000 0.000 0.042 0.145
0.226 0.226 1.000 0.192 0.473 0.192 0.134 0.111 0.000 0.000 0.199
0.031 0.126 0.500 0.170 0.445 0.358 0.105 0.245 0.000 0.000 0.238
0.072 0.141 0.714 0.172 0.573 0.230 0.127 0.057 0.000 0.000 0.083
0.178 0.178 1.000 0.120 0.340 0.180 0.159 0.000 0.000 0.000 0.131
0.065 0.127 0.714 0.143 0.385 0.229 0.199 0.000 0.000 0.038 0.094
0.291 0.291 1.000 0.301 0.558 0.301 0.136 0.178 0.000 0.000 0.261
0.020 0.081 0.500 0.055 0.228 0.055 0.122 0.033 0.000 0.000 0.366
0.097 0.190 0.714 0.232 0.465 0.221 0.146 0.011 0.000 0.000 0.003
0.059 0.116 0.714 0.345 0.157 0.218 0.205 0.103 0.000 0.000 0.050
0.081 0.158 0.714 0.290 0.388 0.150 0.299 0.000 0.000 0.030 0.076
0.000 0.044 0.091 0.026 0.882 0.066 0.025 0.079 0.000 0.000 0.862
0.005 0.047 0.333 0.000 0.085 0.110 0.108 0.096 0.000 0.096 0.443
0.000 0.009 0.091 0.000 0.334 0.101 0.047 0.116 0.000 0.043 0.314
0.001 0.037 0.200 0.000 0.284 0.197 0.153 0.164 0.000 0.131 0.004
0.000 0.023 0.091 0.091 0.054 0.167 0.046 0.182 0.000 0.000 0.873
0.010 0.041 0.500 0.000 0.438 0.159 0.028 0.159 0.000 0.159 0.088
0.002 0.059 0.200 0.133 0.003 0.417 0.120 0.417 0.000 0.000 0.203
0.003 0.086 0.200 0.278 0.050 0.389 0.000 0.444 0.000 0.000 0.031
0.000 0.000 0.000 0.000 0.877 0.042 0.013 0.042 0.000 0.000 0.877
0.004 0.090 0.200 0.086 0.018 0.062 0.286 0.000 0.000 0.074 0.018
0.019 0.075 0.500 0.089 0.132 0.063 0.058 0.114 0.000 0.000 0.519
0.036 0.071 0.714 0.000 0.410 0.122 0.076 0.073 0.000 0.012 0.388
0.014 0.128 0.333 0.210 0.303 0.403 0.331 0.371 0.000 0.000 0.144
0.002 0.059 0.200 0.027 0.271 0.178 0.025 0.178 0.000 0.000 0.125
0.000 0.035 0.091 0.135 0.134 0.442 0.079 0.442 0.000 0.000 0.313
0.029 0.057 0.714 0.097 0.144 0.167 0.098 0.167 0.000 0.000 0.193
0.008 0.071 0.333 0.047 0.369 0.070 0.168 0.093 0.000 0.000 0.063
0.025 0.099 0.500 0.043 0.099 0.234 0.026 0.255 0.000 0.000 0.012
0.043 0.173 0.500 0.224 0.104 0.075 0.084 0.045 0.000 0.000 0.020
0.000 0.009 0.091 0.209 0.230 0.284 0.062 0.269 0.000 0.000 0.372
0.008 0.200 0.200 0.274 0.712 0.258 0.001 0.258 0.000 0.000 0.574
0.061 0.243 0.500 0.000 0.432 0.095 0.083 0.095 0.000 0.000 0.319
0.057 0.112 0.714 0.101 0.000 0.116 0.218 0.101 0.000 0.000 0.039
0.052 0.102 0.714 0.217 0.184 0.130 0.236 0.217 0.000 0.000 0.225
0.012 0.047 0.500 0.085 0.230 0.239 0.053 0.197 0.000 0.000 0.131
0.018 0.073 0.500 0.080 0.236 0.080 0.135 0.046 0.000 0.000 0.124
0.006 0.058 0.333 0.012 0.099 0.000 0.041 0.035 0.000 0.118 0.180
0.071 0.071 1.000 0.064 0.045 0.154 0.163 0.179 0.000 0.000 0.025
0.122 0.122 1.000 0.135 0.201 0.176 0.119 0.108 0.000 0.000 0.179
0.011 0.101 0.333 0.148 0.182 0.311 0.080 0.295 0.000 0.000 0.150
0.081 0.159 0.714 0.129 0.448 0.129 0.139 0.043 0.000 0.000 0.401
0.055 0.107 0.714 0.093 0.073 0.187 0.090 0.147 0.000 0.000 0.391
0.025 0.098 0.500 0.027 0.157 0.257 0.135 0.216 0.000 0.000 0.394
0.036 0.071 0.714 0.016 0.923 0.190 0.203 0.095 0.000 0.000 0.793
0.017 0.070 0.500 0.034 0.096 0.103 0.203 0.103 0.000 0.000 0.292
0.059 0.116 0.714 0.162 0.123 0.103 0.068 0.044 0.000 0.000 0.000
0.116 0.116 1.000 0.062 0.352 0.000 0.088 0.141 0.000 0.016 0.403
0.014 0.125 0.333 0.139 1.745 0.111 0.135 0.028 0.000 0.000 0.424
0.151 0.151 1.000 0.000 2.053 0.103 0.112 0.064 0.000 0.051 1.015
0.052 0.101 0.714 0.027 0.078 0.151 0.183 0.151 0.000 0.000 0.145
0.055 0.107 0.714 0.262 0.694 0.410 0.067 0.361 0.000 0.000 0.276
0.048 0.190 0.500 0.237 0.415 0.220 0.111 0.220 0.000 0.000 0.005
0.003 0.073 0.200 0.083 0.295 0.354 0.128 0.292 0.000 0.000 0.000
0.104 0.203 0.714 0.022 0.172 0.000 0.077 0.000 0.000 0.000 0.063
0.051 0.051 1.000 0.000 0.018 0.135 0.111 0.135 0.000 0.027 0.278
0.062 0.122 0.714 0.210 0.243 0.258 0.090 0.258 0.000 0.000 0.247
0.007 0.062 0.333 0.037 0.187 0.037 0.060 0.073 0.000 0.000 0.305
0.116 0.116 1.000 0.065 0.483 0.113 0.125 0.065 0.000 0.000 0.319
0.081 0.159 0.714 0.188 0.141 0.141 0.123 0.082 0.000 0.000 0.064
0.012 0.109 0.333 0.085 0.068 0.024 0.134 0.073 0.000 0.000 0.056
0.010 0.094 0.333 0.136 0.431 0.074 0.066 0.086 0.000 0.000 0.042
0.074 0.146 0.714 0.224 0.126 0.224 0.194 0.207 0.000 0.000 0.274
0.028 0.112 0.500 0.103 1.030 0.191 0.198 0.147 0.000 0.000 1.755
0.010 0.089 0.333 0.081 0.029 0.097 0.118 0.032 0.000 0.000 0.175
0.053 0.104 0.714 0.000 0.406 0.211 0.260 0.211 0.000 0.014 0.524
0.116 0.116 1.000 0.154 0.527 0.185 0.280 0.231 0.000 0.000 0.032
0.090 0.176 0.714 0.073 0.649 0.164 0.083 0.164 0.000 0.000 0.312
0.114 0.114 1.000 0.167 0.089 0.117 0.285 0.083 0.000 0.000 0.081
0.013 0.115 0.333 0.000 0.492 0.217 0.056 0.217 0.000 0.183 0.728
0.112 0.112 1.000 0.066 0.131 0.053 0.108 0.158 0.000 0.000 0.032
0.058 0.113 0.714 0.000 0.334 0.051 0.193 0.026 0.000 0.013 0.214
0.091 0.178 0.714 0.081 0.181 0.162 0.202 0.162 0.000 0.000 0.151
0.073 0.073 1.000 0.149 0.133 0.043 0.115 0.043 0.000 0.000 0.115
0.116 0.116 1.000 0.012 0.041 0.111 0.124 0.025 0.000 0.000 0.226
0.078 0.153 0.714 0.210 1.436 0.177 0.135 0.097 0.000 0.000 1.453
0.032 0.127 0.500 0.052 0.066 0.156 0.161 0.156 0.000 0.000 0.000
0.040 0.078 0.714 0.092 0.692 0.154 0.148 0.015 0.000 0.000 0.000
0.015 0.061 0.500 0.016 0.422 0.161 0.048 0.097 0.000 0.000 0.922
0.167 0.167 1.000 0.000 0.779 0.072 0.261 0.130 0.000 0.000 1.103
0.151 0.151 1.000 0.000 1.202 0.175 0.103 0.143 0.000 0.079 1.226
0.010 0.250 0.200 0.093 0.623 0.258 0.049 0.206 0.000 0.000 0.822
0.000 0.043 0.091 0.038 0.000 0.038 0.022 0.038 0.000 0.000 0.007
0.001 0.034 0.200 0.149 0.097 0.193 0.088 0.105 0.000 0.000 0.247
0.001 0.037 0.200 0.000 0.346 0.099 0.068 0.027 0.000 0.009 0.809
0.000 0.038 0.091 0.018 0.351 0.173 0.091 0.127 0.000 0.000 0.362
0.000 0.007 0.200 0.000 0.414 0.029 0.033 0.022 0.000 0.029 0.434
0.000 0.000 0.000 0.000 0.045 0.036 0.028 0.036 0.000 0.000 0.045
0.003 0.076 0.200 0.120 1.422 0.128 0.159 0.077 0.000 0.000 0.374
0.006 0.147 0.200 0.000 0.178 0.094 0.135 0.120 0.000 0.000 0.109
0.008 0.198 0.200 0.000 0.508 0.296 0.153 0.296 0.000 0.000 0.366
0.074 0.296 0.500 0.076 0.174 0.087 0.120 0.065 0.000 0.000 0.228
0.007 0.164 0.200 0.105 0.839 0.105 0.043 0.095 0.000 0.000 1.577
0.024 0.047 0.714 0.027 0.455 0.127 0.123 0.000 0.000 0.000 0.001
0.011 0.045 0.500 0.136 0.158 0.203 0.126 0.237 0.000 0.000 0.042
0.007 0.027 0.500 0.114 0.222 0.079 0.159 0.079 0.000 0.000 0.116
0.003 0.011 0.500 0.020 0.713 0.214 0.006 0.204 0.000 0.000 0.700
0.047 0.093 0.714 0.036 0.395 0.152 0.068 0.062 0.000 0.000 0.574
0.097 0.190 0.714 0.116 0.066 0.188 0.090 0.000 0.000 0.036 0.026
0.041 0.164 0.500 0.137 0.141 0.088 0.125 0.157 0.000 0.000 1.288
0.000 0.004 0.091 0.000 0.246 0.146 0.141 0.159 0.000 0.024 0.178
0.026 0.230 0.333 0.188 0.116 0.167 0.026 0.167 0.000 0.000 0.378
0.054 0.217 0.500 0.062 0.104 0.150 0.070 0.106 0.000 0.000 0.002
0.004 0.099 0.200 0.182 0.624 0.273 0.034 0.245 0.000 0.000 0.048
0.119 0.119 1.000 0.284 0.496 0.179 0.248 0.137 0.000 0.000 0.478
0.003 0.068 0.200 0.045 0.071 0.191 0.061 0.155 0.000 0.000 0.102
0.004 0.033 0.333 0.067 0.269 0.144 0.119 0.115 0.000 0.000 0.050
0.002 0.049 0.200 0.080 0.312 0.260 0.042 0.270 0.000 0.000 1.263
0.035 0.139 0.500 0.000 0.943 0.254 0.258 0.254 0.000 0.063 0.282
0.088 0.173 0.714 0.027 0.181 0.178 0.150 0.068 0.000 0.000 0.222
0.001 0.009 0.333 0.000 0.041 0.071 0.121 0.050 0.000 0.035 0.014
0.016 0.146 0.333 0.111 1.445 0.192 0.159 0.061 0.000 0.000 0.169
0.039 0.077 0.714 0.026 0.112 0.096 0.044 0.061 0.000 0.000 0.059
0.013 0.114 0.333 0.125 1.783 0.188 0.140 0.083 0.000 0.000 2.910
0.107 0.210 0.714 0.128 0.134 0.186 0.176 0.081 0.000 0.000 0.329
0.030 0.058 0.714 0.117 1.521 0.247 0.207 0.247 0.000 0.000 0.655
0.034 0.066 0.714 0.072 0.569 0.232 0.238 0.188 0.000 0.000 0.258
0.001 0.009 0.333 0.000 0.119 0.117 0.156 0.135 0.000 0.126 0.216
0.048 0.093 0.714 0.089 0.017 0.189 0.099 0.156 0.000 0.000 0.030
0.013 0.119 0.333 0.000 0.558 0.090 0.192 0.128 0.000 0.154 0.305
0.022 0.199 0.333 0.101 1.560 0.303 0.086 0.202 0.000 0.000 1.863
0.021 0.193 0.333 0.000 0.091 0.145 0.050 0.111 0.000 0.000 0.020
0.079 0.315 0.500 0.089 0.609 0.356 0.242 0.000 0.000 0.109 0.603
0.097 0.097 1.000 0.029 0.382 0.162 0.230 0.086 0.000 0.000 0.134
0.028 0.055 0.714 0.070 0.007 0.000 0.123 0.035 0.000 0.087 0.279
0.053 0.103 0.714 0.198 0.211 0.279 0.115 0.163 0.000 0.000 0.161
0.161 0.161 1.000 0.101 0.158 0.225 0.169 0.124 0.000 0.000 0.121
0.014 0.057 0.500 0.000 0.819 0.261 0.126 0.205 0.000 0.023 0.856
0.151 0.151 1.000 0.094 0.013 0.170 0.178 0.066 0.000 0.000 0.530
0.044 0.044 1.000 0.055 0.071 0.154 0.063 0.176 0.000 0.000 0.275
0.130 0.255 0.714 0.087 1.085 0.126 0.230 0.000 0.000 0.019 1.863
0.223 0.223 1.000 0.245 0.568 0.194 0.244 0.000 0.000 0.082 0.055
0.045 0.180 0.500 0.261 0.048 0.273 0.153 0.091 0.000 0.000 0.056
0.041 0.081 0.714 0.134 0.135 0.113 0.055 0.056 0.000 0.000 0.227
0.089 0.089 1.000 0.000 1.238 0.138 0.108 0.043 0.000 0.000 0.938
0.093 0.093 1.000 0.000 0.328 0.099 0.053 0.027 0.000 0.000 0.411
0.111 0.218 0.714 0.118 0.569 0.183 0.160 0.097 0.000 0.000 0.081
0.016 0.140 0.333 0.022 0.070 0.000 0.072 0.011 0.000 0.065 0.077
0.048 0.093 0.714 0.213 0.242 0.245 0.108 0.085 0.000 0.000 0.265
0.165 0.165 1.000 0.120 0.132 0.110 0.057 0.080 0.000 0.000 0.395
0.024 0.024 1.000 0.000 0.225 0.103 0.063 0.095 0.000 0.032 0.140
0.030 0.059 0.714 0.148 0.149 0.043 0.032 0.096 0.000 0.000 0.750
0.054 0.218 0.500 0.122 0.118 0.268 0.204 0.195 0.000 0.000 0.094
0.030 0.119 0.500 0.000 0.088 0.130 0.378 0.140 0.000 0.090 0.001
0.134 0.134 1.000 0.000 0.657 0.081 0.268 0.081 0.000 0.032 0.206
0.029 0.058 0.714 0.009 0.219 0.239 0.131 0.088 0.000 0.000 0.146
0.092 0.181 0.714 0.000 0.005 0.299 0.257 0.093 0.000 0.093 0.049
0.029 0.058 0.714 0.000 0.095 0.300 0.071 0.225 0.000 0.150 0.253
0.048 0.048 1.000 0.000 0.664 0.101 0.089 0.079 0.000 0.045 0.527
0.226 0.226 1.000 0.000 0.295 0.142 0.315 0.018 0.000 0.071 0.375
0.287 0.287 1.000 0.080 0.867 0.273 0.132 0.068 0.000 0.000 0.272
0.001 0.174 0.091 0.020 0.427 0.066 0.004 0.066 0.000 0.000 0.607
0.001 0.094 0.091 0.025 1.234 0.107 0.023 0.115 0.000 0.000 1.175
0.000 0.053 0.091 0.008 0.132 0.102 0.022 0.102 0.000 0.000 0.060
0.000 0.018 0.091 0.000 0.978 0.068 0.043 0.068 0.000 0.023 0.612
0.030 0.059 0.714 0.000 0.178 0.202 0.046 0.194 0.000 0.016 0.343
0.001 0.034 0.143 0.029 0.268 0.007 0.020 0.007 0.000 0.000 0.254
0.000 0.000 0.000 0.000 0.838 0.012 0.007 0.018 0.000 0.000 0.838
0.002 0.095 0.143 0.000 1.044 0.067 0.027 0.060 0.000 0.000 1.035
0.002 0.223 0.091 0.095 0.364 0.000 0.046 0.014 0.000 0.041 0.322
0.000 0.010 0.043 0.000 0.420 0.021 0.030 0.021 0.000 0.000 0.420
0.003 0.156 0.143 0.000 0.094 0.127 0.050 0.143 0.000 0.040 0.273
0.003 0.168 0.143 0.021 0.403 0.000 0.019 0.007 0.000 0.027 0.519
0.001 0.026 0.143 0.109 0.200 0.164 0.007 0.200 0.000 0.000 0.237
0.001 0.040 0.143 0.036 0.861 0.088 0.047 0.095 0.000 0.000 0.858
0.043 0.060 0.846 0.007 0.022 0.102 0.073 0.075 0.000 0.000 0.087
0.000 0.025 0.091 0.029 0.308 0.095 0.010 0.102 0.000 0.000 0.290
0.007 0.107 0.263 0.044 0.253 0.000 0.036 0.019 0.000 0.025 0.238
0.006 0.139 0.200 0.007 0.399 0.044 0.034 0.059 0.000 0.000 0.420
0.001 0.119 0.091 0.016 0.054 0.070 0.066 0.141 0.000 0.000 0.053
0.000 0.010 0.043 0.000 0.642 0.068 0.006 0.101 0.000 0.000 0.642
0.066 0.262 0.500 0.370 0.660 0.163 0.062 0.141 0.000 0.000 0.233
0.019 0.171 0.333 0.132 0.241 0.047 0.058 0.031 0.000 0.000 0.041
0.012 0.180 0.263 0.115 0.240 0.068 0.067 0.014 0.000 0.000 0.342
0.002 0.048 0.200 0.090 0.107 0.068 0.052 0.068 0.000 0.000 0.240
0.015 0.091 0.412 0.126 0.412 0.102 0.065 0.102 0.000 0.000 1.585
0.010 0.088 0.333 0.088 0.168 0.000 0.102 0.032 0.000 0.032 0.183
0.006 0.152 0.200 0.076 1.504 0.136 0.017 0.136 0.000 0.000 1.361
0.018 0.160 0.333 0.081 0.651 0.048 0.037 0.016 0.000 0.000 0.501
0.003 0.148 0.143 0.029 0.389 0.067 0.086 0.106 0.000 0.000 0.378
0.001 0.141 0.091 0.055 0.180 0.000 0.062 0.027 0.000 0.027 0.162
0.005 0.132 0.200 0.020 0.096 0.026 0.039 0.000 0.000 0.007 0.203
0.045 0.267 0.412 0.125 1.599 0.142 0.110 0.117 0.000 0.000 0.196
0.081 0.224 0.600 0.095 0.312 0.034 0.087 0.000 0.000 0.007 0.936
0.008 0.073 0.333 0.000 0.076 0.039 0.043 0.011 0.000 0.000 0.183
0.072 0.101 0.846 0.000 0.454 0.098 0.041 0.053 0.000 0.030 0.354
0.006 0.089 0.263 0.051 0.882 0.145 0.031 0.162 0.000 0.000 0.503
0.002 0.075 0.143 0.014 0.196 0.104 0.018 0.111 0.000 0.000 0.184
0.024 0.142 0.412 0.039 0.603 0.124 0.053 0.101 0.000 0.000 0.443
0.054 0.316 0.412 0.069 0.066 0.012 0.162 0.029 0.000 0.000 0.027
0.015 0.135 0.333 0.129 0.614 0.000 0.104 0.024 0.000 0.048 0.323
0.031 0.283 0.333 0.017 0.434 0.042 0.074 0.000 0.000 0.050 1.120
0.010 0.093 0.333 0.117 1.033 0.207 0.026 0.243 0.000 0.000 0.457
0.061 0.244 0.500 0.113 0.208 0.105 0.109 0.015 0.000 0.000 0.203
0.007 0.062 0.333 0.000 0.569 0.071 0.014 0.086 0.000 0.014 0.208
0.135 0.189 0.846 0.202 1.266 0.126 0.038 0.118 0.000 0.000 0.633
0.035 0.140 0.500 0.109 0.774 0.008 0.075 0.000 0.000 0.008 0.614
0.003 0.152 0.143 0.030 0.137 0.083 0.108 0.083 0.000 0.000 0.115
0.012 0.108 0.333 0.013 0.130 0.026 0.053 0.033 0.000 0.000 0.136
0.070 0.279 0.500 0.087 0.149 0.113 0.111 0.047 0.000 0.000 0.056
0.001 0.054 0.143 0.007 0.568 0.131 0.024 0.088 0.000 0.000 0.412
0.058 0.233 0.500 0.029 0.254 0.029 0.078 0.000 0.000 0.000 1.211
0.206 0.287 0.846 0.210 0.265 0.137 0.086 0.073 0.000 0.000 0.258
0.107 0.210 0.714 0.111 0.269 0.051 0.194 0.068 0.000 0.000 0.269
0.054 0.215 0.500 0.189 0.211 0.179 0.070 0.160 0.000 0.000 0.281
0.080 0.157 0.714 0.071 0.166 0.126 0.094 0.102 0.000 0.000 0.165
0.018 0.106 0.412 0.054 1.443 0.085 0.067 0.070 0.000 0.000 1.246
0.085 0.237 0.600 0.173 1.298 0.125 0.044 0.096 0.000 0.000 0.944
0.045 0.180 0.500 0.044 0.250 0.114 0.064 0.167 0.000 0.000 0.227
0.075 0.207 0.600 0.025 0.293 0.041 0.116 0.090 0.000 0.000 0.268
0.112 0.156 0.846 0.146 1.150 0.080 0.076 0.051 0.000 0.000 0.431
0.144 0.202 0.846 0.117 0.991 0.097 0.081 0.058 0.000 0.000 0.624
0.209 0.292 0.846 0.123 0.271 0.149 0.137 0.053 0.000 0.000 0.144
0.124 0.244 0.714 0.092 0.312 0.084 0.120 0.008 0.000 0.000 0.322
0.093 0.183 0.714 0.060 0.420 0.090 0.092 0.075 0.000 0.000 0.459
0.124 0.173 0.846 0.054 0.595 0.123 0.067 0.077 0.000 0.000 0.365
0.035 0.099 0.600 0.060 0.199 0.007 0.049 0.007 0.000 0.000 0.111
0.036 0.328 0.333 0.079 0.440 0.079 0.167 0.048 0.000 0.000 0.399
0.072 0.201 0.600 0.167 0.344 0.072 0.076 0.051 0.000 0.000 0.260
0.101 0.199 0.714 0.073 0.488 0.057 0.085 0.016 0.000 0.000 0.472
0.015 0.135 0.333 0.017 1.359 0.034 0.106 0.042 0.000 0.000 1.278
0.006 0.160 0.200 0.000 1.115 0.089 0.022 0.065 0.000 0.032 0.066
0.000 0.000 0.000 0.119 1.561 0.131 0.000 0.131 0.000 0.000 1.153
0.001 0.105 0.091 0.117 0.164 0.117 0.053 0.117 0.000 0.000 1.444
0.000 0.037 0.043 0.032 0.199 0.118 0.071 0.118 0.000 0.000 0.596
0.000 0.013 0.091 0.041 0.700 0.099 0.019 0.099 0.000 0.000 0.605
0.028 0.054 0.714 0.063 0.483 0.098 0.164 0.073 0.000 0.000 0.432
0.000 0.015 0.091 0.000 0.267 0.036 0.106 0.026 0.000 0.000 0.486
0.000 0.047 0.043 0.021 0.645 0.060 0.005 0.081 0.000 0.000 0.611
0.006 0.141 0.200 0.060 0.756 0.098 0.034 0.081 0.000 0.000 0.632
0.000 0.000 0.000 0.000 0.409 0.005 0.000 0.009 0.000 0.000 0.409
0.006 0.307 0.143 0.000 0.283 0.106 0.079 0.088 0.000 0.047 0.411
0.002 0.049 0.200 0.000 0.591 0.071 0.044 0.082 0.000 0.102 0.401
0.008 0.197 0.200 0.089 0.266 0.064 0.061 0.064 0.000 0.000 0.034
0.007 0.098 0.263 0.041 2.139 0.031 0.110 0.000 0.000 0.005 1.474
0.000 0.000 0.000 0.000 0.265 0.105 0.000 0.105 0.000 0.019 0.041
0.030 0.059 0.714 0.038 1.111 0.104 0.147 0.057 0.000 0.000 0.526
0.001 0.031 0.200 0.015 0.463 0.079 0.122 0.040 0.000 0.000 1.629
0.000 0.058 0.043 0.025 0.167 0.063 0.033 0.071 0.000 0.000 0.137
0.027 0.242 0.333 0.080 0.500 0.080 0.033 0.054 0.000 0.000 0.634
0.004 0.213 0.143 0.089 1.315 0.017 0.012 0.000 0.000 0.013 1.152
0.001 0.178 0.091 0.137 0.711 0.151 0.014 0.151 0.000 0.000 1.361
0.001 0.140 0.091 0.113 0.055 0.075 0.031 0.075 0.000 0.000 0.125
0.017 0.156 0.333 0.190 1.168 0.108 0.047 0.113 0.000 0.000 0.202
0.104 0.204 0.714 0.304 0.419 0.182 0.144 0.044 0.000 0.000 0.185
0.016 0.141 0.333 0.038 0.803 0.101 0.082 0.075 0.000 0.000 0.664
0.011 0.031 0.600 0.035 0.190 0.109 0.114 0.059 0.000 0.000 0.203
0.009 0.056 0.412 0.044 0.343 0.074 0.120 0.039 0.000 0.000 0.316
0.009 0.134 0.263 0.066 0.071 0.018 0.046 0.009 0.000 0.000 0.617
0.043 0.254 0.412 0.059 0.533 0.071 0.120 0.107 0.000 0.000 0.620
0.038 0.345 0.333 0.135 0.504 0.089 0.071 0.010 0.000 0.000 0.345
0.063 0.251 0.500 0.124 0.732 0.062 0.204 0.010 0.000 0.000 1.481
0.034 0.495 0.263 0.185 0.138 0.132 0.077 0.153 0.000 0.000 0.113
0.003 0.086 0.200 0.023 0.458 0.116 0.124 0.058 0.000 0.000 1.056
0.023 0.137 0.412 0.022 0.725 0.040 0.048 0.027 0.000 0.000 0.209
0.010 0.092 0.333 0.096 0.406 0.119 0.043 0.087 0.000 0.000 0.168
0.016 0.063 0.500 0.093 0.764 0.075 0.110 0.065 0.000 0.000 0.665
0.101 0.198 0.714 0.214 0.350 0.123 0.157 0.136 0.000 0.000 0.167
0.027 0.162 0.412 0.221 0.362 0.206 0.076 0.147 0.000 0.000 0.215
0.005 0.075 0.263 0.000 0.148 0.051 0.017 0.071 0.000 0.000 0.186
0.138 0.553 0.500 0.216 0.767 0.132 0.149 0.025 0.000 0.000 0.751
0.212 0.212 1.000 0.162 0.235 0.121 0.195 0.096 0.000 0.000 0.356
0.008 0.111 0.263 0.000 0.830 0.072 0.059 0.062 0.000 0.010 0.537
0.014 0.124 0.333 0.053 0.994 0.077 0.113 0.077 0.000 0.000 2.031
0.010 0.090 0.333 0.028 0.180 0.024 0.125 0.000 0.000 0.009 0.296
0.021 0.084 0.500 0.041 0.457 0.124 0.147 0.095 0.000 0.000 0.894
0.050 0.138 0.600 0.133 2.412 0.050 0.154 0.067 0.000 0.000 2.372
0.059 0.082 0.846 0.056 0.061 0.079 0.157 0.019 0.000 0.000 0.065
0.040 0.160 0.500 0.195 1.300 0.182 0.085 0.126 0.000 0.000 0.855
0.038 0.339 0.333 0.173 0.689 0.138 0.115 0.107 0.000 0.000 0.516
0.025 0.368 0.263 0.104 0.343 0.012 0.060 0.000 0.000 0.012 0.442
0.042 0.376 0.333 0.340 1.167 0.228 0.132 0.160 0.000 0.000 0.134
0.247 0.485 0.714 0.273 0.417 0.197 0.243 0.082 0.000 0.000 0.279
0.031 0.087 0.600 0.145 0.041 0.072 0.227 0.063 0.000 0.000 0.869
0.039 0.155 0.500 0.142 0.422 0.102 0.117 0.068 0.000 0.000 0.405
0.055 0.152 0.600 0.086 0.425 0.081 0.114 0.043 0.000 0.000 1.454
0.070 0.138 0.714 0.135 0.557 0.156 0.124 0.089 0.000 0.000 0.433
0.077 0.108 0.846 0.052 0.380 0.093 0.129 0.023 0.000 0.000 0.751
0.045 0.267 0.412 0.173 0.482 0.022 0.118 0.032 0.000 0.000 0.422
0.232 0.324 0.846 0.168 1.358 0.086 0.092 0.086 0.000 0.000 0.832
0.243 0.339 0.846 0.277 0.366 0.154 0.183 0.062 0.000 0.000 0.265
0.164 0.321 0.714 0.171 1.426 0.152 0.089 0.079 0.000 0.000 0.322
0.235 0.328 0.846 0.113 2.188 0.044 0.107 0.000 0.000 0.034 1.448
0.069 0.277 0.500 0.252 0.614 0.176 0.146 0.082 0.000 0.000 0.603
0.130 0.254 0.714 0.182 0.590 0.108 0.148 0.023 0.000 0.000 0.477
0.010 0.143 0.263 0.246 0.370 0.151 0.112 0.145 0.000 0.000 0.435
0.127 0.177 0.846 0.140 0.448 0.102 0.104 0.000 0.000 0.005 0.212
0.159 0.222 0.846 0.175 1.440 0.234 0.126 0.136 0.000 0.000 1.381
0.128 0.251 0.714 0.250 0.805 0.091 0.238 0.085 0.000 0.000 1.128
0.083 0.163 0.714 0.182 0.122 0.128 0.224 0.039 0.000 0.000 0.417
0.129 0.252 0.714 0.172 0.567 0.126 0.233 0.011 0.000 0.000 0.508
0.001 0.123 0.091 0.000 0.572 0.052 0.025 0.104 0.000 0.000 0.960
0.001 0.079 0.091 0.000 0.830 0.026 0.008 0.039 0.000 0.033 1.397
0.000 0.056 0.091 0.000 0.664 0.047 0.016 0.063 0.000 0.016 0.674
0.000 0.010 0.043 0.055 0.602 0.034 0.006 0.034 0.000 0.000 0.291
0.001 0.034 0.200 0.000 0.100 0.056 0.035 0.056 0.000 0.016 0.393
0.000 0.013 0.043 0.132 0.493 0.226 0.014 0.217 0.000 0.000 0.540
0.001 0.051 0.143 0.000 0.444 0.030 0.034 0.015 0.000 0.000 0.340
0.001 0.098 0.091 0.000 0.178 0.084 0.015 0.145 0.000 0.076 0.123
0.002 0.205 0.091 0.028 0.821 0.130 0.055 0.120 0.000 0.000 0.760
0.000 0.000 0.000 0.000 0.832 0.075 0.000 0.075 0.000 0.000 0.832
0.008 0.204 0.200 0.036 0.196 0.065 0.036 0.065 0.000 0.000 0.161
0.020 0.177 0.333 0.125 0.562 0.070 0.061 0.055 0.000 0.000 1.150
0.001 0.106 0.091 0.014 0.611 0.065 0.029 0.065 0.000 0.000 0.422
0.006 0.081 0.263 0.106 0.549 0.203 0.046 0.187 0.000 0.000 0.311
0.007 0.060 0.333 0.013 0.560 0.039 0.044 0.053 0.000 0.000 0.635
0.002 0.042 0.200 0.000 0.905 0.140 0.050 0.140 0.000 0.000 0.667
0.001 0.055 0.143 0.013 0.072 0.000 0.017 0.013 0.000 0.020 0.038
0.012 0.175 0.263 0.000 0.508 0.173 0.092 0.191 0.000 0.045 0.708
0.000 0.055 0.091 0.019 0.887 0.068 0.082 0.068 0.000 0.000 0.045
0.023 0.208 0.333 0.062 0.298 0.016 0.080 0.054 0.000 0.000 0.451
0.002 0.116 0.143 0.000 1.393 0.062 0.012 0.056 0.000 0.056 1.383
0.009 0.223 0.200 0.137 0.634 0.158 0.054 0.116 0.000 0.000 0.426
0.007 0.102 0.263 0.000 0.498 0.007 0.021 0.007 0.000 0.041 0.455
0.026 0.155 0.412 0.106 0.537 0.021 0.041 0.007 0.000 0.000 0.485
0.005 0.068 0.263 0.153 0.090 0.137 0.041 0.121 0.000 0.000 0.127
0.006 0.081 0.263 0.015 1.534 0.084 0.044 0.061 0.000 0.000 1.361
0.000 0.029 0.091 0.075 0.111 0.020 0.005 0.020 0.000 0.000 0.134
0.002 0.092 0.143 0.063 0.939 0.134 0.039 0.118 0.000 0.000 0.756
0.010 0.138 0.263 0.000 0.790 0.046 0.072 0.046 0.000 0.015 0.897
0.020 0.180 0.333 0.043 0.509 0.057 0.128 0.014 0.000 0.000 0.381
0.018 0.254 0.263 0.130 0.265 0.014 0.088 0.000 0.000 0.034 0.417
0.116 0.227 0.714 0.144 0.063 0.098 0.045 0.068 0.000 0.000 0.024
0.023 0.137 0.412 0.104 0.846 0.082 0.043 0.082 0.000 0.000 0.118
0.000 0.045 0.091 0.000 0.080 0.071 0.018 0.077 0.000 0.097 0.428
0.009 0.078 0.333 0.083 0.292 0.025 0.064 0.000 0.000 0.038 0.250
0.036 0.144 0.500 0.096 0.670 0.080 0.057 0.032 0.000 0.000 0.669
0.014 0.127 0.333 0.156 0.255 0.117 0.031 0.086 0.000 0.000 0.446
0.006 0.157 0.200 0.000 0.475 0.059 0.050 0.081 0.000 0.044 0.660
0.008 0.200 0.200 0.075 0.435 0.098 0.121 0.083 0.000 0.000 0.113
0.020 0.286 0.263 0.000 0.858 0.015 0.114 0.045 0.000 0.068 0.757
0.117 0.326 0.600 0.122 0.087 0.084 0.052 0.084 0.000 0.000 0.020
0.017 0.155 0.333 0.115 0.212 0.135 0.042 0.183 0.000 0.000 0.106
0.095 0.263 0.600 0.136 0.200 0.050 0.090 0.000 0.000 0.043 0.102
0.153 0.153 1.000 0.000 1.122 0.063 0.089 0.000 0.000 0.021 0.776
0.076 0.106 0.846 0.044 1.055 0.029 0.084 0.000 0.000 0.015 1.776
0.109 0.109 1.000 0.104 0.819 0.028 0.027 0.000 0.000 0.057 0.512
0.069 0.096 0.846 0.107 0.448 0.066 0.057 0.082 0.000 0.000 0.684
0.022 0.194 0.333 0.184 0.445 0.132 0.076 0.149 0.000 0.000 0.794
0.103 0.286 0.600 0.138 0.358 0.164 0.172 0.103 0.000 0.000 0.627
0.027 0.240 0.333 0.089 0.814 0.144 0.126 0.110 0.000 0.000 0.265
0.166 0.325 0.714 0.265 2.175 0.214 0.151 0.133 0.000 0.000 1.084
0.196 0.196 1.000 0.043 0.315 0.094 0.097 0.043 0.000 0.000 0.435
0.026 0.237 0.333 0.244 0.438 0.244 0.087 0.222 0.000 0.000 0.281
0.037 0.150 0.500 0.008 0.512 0.083 0.066 0.066 0.000 0.000 0.355
0.178 0.178 1.000 0.038 0.585 0.053 0.137 0.000 0.000 0.113 0.380
0.015 0.134 0.333 0.038 0.649 0.092 0.045 0.046 0.000 0.000 0.430
0.023 0.093 0.500 0.093 0.450 0.121 0.054 0.107 0.000 0.000 0.031
0.074 0.295 0.500 0.092 0.122 0.043 0.068 0.000 0.000 0.014 0.069
0.264 0.369 0.846 0.142 0.846 0.045 0.084 0.000 0.000 0.037 0.635
0.084 0.164 0.714 0.019 0.232 0.031 0.127 0.000 0.000 0.025 0.351
0.152 0.213 0.846 0.139 0.300 0.115 0.109 0.123 0.000 0.000 0.264
0.082 0.227 0.600 0.041 0.902 0.074 0.146 0.000 0.000 0.041 0.334
0.084 0.234 0.600 0.091 0.999 0.118 0.072 0.164 0.000 0.000 0.883
0.132 0.258 0.714 0.109 0.250 0.022 0.110 0.000 0.000 0.007 0.260
0.077 0.151 0.714 0.066 0.374 0.007 0.135 0.029 0.000 0.000 0.483
0.126 0.246 0.714 0.137 0.293 0.129 0.097 0.032 0.000 0.000 0.107
0.053 0.147 0.600 0.080 0.549 0.044 0.043 0.007 0.000 0.000 0.989
0.170 0.237 0.846 0.055 1.320 0.102 0.075 0.047 0.000 0.000 0.779
0.070 0.195 0.600 0.077 1.376 0.028 0.133 0.000 0.000 0.070 1.087
0.153 0.214 0.846 0.084 0.910 0.176 0.149 0.126 0.000 0.000 0.228
0.001 0.169 0.091 0.032 0.173 0.069 0.075 0.037 0.000 0.000 0.225
0.000 0.049 0.091 0.000 0.860 0.061 0.076 0.066 0.000 0.030 1.694
0.000 0.004 0.043 0.082 0.347 0.073 0.004 0.078 0.000 0.000 0.298
0.000 0.004 0.043 0.000 0.226 0.148 0.000 0.148 0.000 0.025 0.253
0.008 0.023 0.600 0.000 0.129 0.111 0.095 0.068 0.000 0.043 0.168
0.000 0.025 0.091 0.027 0.376 0.064 0.080 0.053 0.000 0.000 0.610
0.000 0.033 0.091 0.000 0.141 0.050 0.040 0.054 0.000 0.004 0.309
0.000 0.000 0.000 0.000 0.167 0.036 0.000 0.036 0.000 0.009 0.166
0.003 0.146 0.143 0.028 0.205 0.040 0.038 0.020 0.000 0.000 0.322
0.002 0.208 0.091 0.005 0.087 0.010 0.017 0.020 0.000 0.000 0.087
0.004 0.183 0.143 0.000 0.468 0.118 0.072 0.103 0.000 0.000 0.502
0.017 0.251 0.263 0.129 0.363 0.052 0.059 0.026 0.000 0.000 0.861
0.001 0.105 0.091 0.077 0.860 0.124 0.077 0.124 0.000 0.000 1.264
0.002 0.034 0.263 0.000 1.076 0.059 0.055 0.030 0.000 0.004 1.728
0.034 0.048 0.846 0.067 0.429 0.056 0.130 0.015 0.000 0.000 0.530
0.001 0.040 0.143 0.000 0.129 0.066 0.044 0.066 0.000 0.005 0.186
0.001 0.030 0.143 0.000 0.441 0.065 0.077 0.060 0.000 0.047 0.562
0.003 0.086 0.200 0.043 0.387 0.117 0.021 0.112 0.000 0.000 0.667
0.001 0.086 0.091 0.000 0.130 0.040 0.021 0.054 0.000 0.013 0.336
0.009 0.233 0.200 0.042 0.440 0.084 0.008 0.058 0.000 0.000 0.519
0.051 0.304 0.412 0.110 0.287 0.099 0.164 0.042 0.000 0.000 0.783
0.019 0.274 0.263 0.062 0.199 0.124 0.084 0.100 0.000 0.000 0.399
0.016 0.226 0.263 0.267 0.838 0.141 0.097 0.120 0.000 0.000 0.705
0.004 0.034 0.333 0.000 0.701 0.028 0.072 0.028 0.000 0.005 1.419
0.105 0.105 1.000 0.130 1.147 0.104 0.161 0.052 0.000 0.000 1.906
0.000 0.031 0.043 0.108 0.788 0.135 0.057 0.114 0.000 0.000 0.639
0.006 0.056 0.333 0.035 0.265 0.009 0.059 0.000 0.000 0.000 0.284
0.053 0.213 0.500 0.085 0.532 0.056 0.082 0.028 0.000 0.000 0.488
0.003 0.085 0.200 0.029 0.263 0.037 0.023 0.033 0.000 0.000 0.301
0.007 0.169 0.200 0.027 0.658 0.107 0.056 0.118 0.000 0.000 0.932
0.048 0.430 0.333 0.000 0.379 0.151 0.105 0.117 0.000 0.000 0.313
0.015 0.138 0.333 0.066 0.144 0.118 0.119 0.085 0.000 0.000 0.253
0.006 0.142 0.200 0.020 0.583 0.080 0.134 0.030 0.000 0.000 0.370
0.049 0.137 0.600 0.115 2.584 0.121 0.197 0.011 0.000 0.000 2.477
0.009 0.036 0.500 0.000 0.112 0.075 0.092 0.053 0.000 0.018 0.225
0.003 0.079 0.200 0.009 0.290 0.004 0.078 0.004 0.000 0.000 0.337
0.020 0.120 0.412 0.118 0.162 0.072 0.050 0.056 0.000 0.000 0.170
0.007 0.104 0.263 0.085 1.036 0.090 0.027 0.066 0.000 0.000 0.853
0.013 0.188 0.263 0.084 0.254 0.021 0.037 0.025 0.000 0.000 0.182
0.092 0.367 0.500 0.178 0.373 0.197 0.056 0.070 0.000 0.000 0.251
0.025 0.225 0.333 0.046 0.780 0.096 0.194 0.059 0.000 0.000 0.997
0.063 0.176 0.600 0.022 0.933 0.022 0.151 0.022 0.000 0.000 0.675
0.160 0.223 0.846 0.103 1.025 0.128 0.155 0.135 0.000 0.000 1.136
0.043 0.084 0.714 0.031 0.716 0.082 0.127 0.005 0.000 0.000 0.524
0.053 0.074 0.846 0.106 0.789 0.037 0.135 0.033 0.000 0.000 1.203
0.050 0.139 0.600 0.120 0.193 0.097 0.130 0.037 0.000 0.000 0.324
0.030 0.177 0.412 0.058 0.167 0.029 0.171 0.025 0.000 0.000 0.202
0.057 0.159 0.600 0.203 1.409 0.159 0.131 0.099 0.000 0.000 1.203
0.021 0.185 0.333 0.084 1.722 0.156 0.116 0.095 0.000 0.000 1.916
0.037 0.332 0.333 0.000 0.348 0.071 0.061 0.010 0.000 0.005 0.408
0.203 0.398 0.714 0.195 0.315 0.180 0.163 0.020 0.000 0.000 0.345
0.382 0.382 1.000 0.186 0.473 0.168 0.160 0.108 0.000 0.000 0.714
0.146 0.146 1.000 0.212 0.767 0.192 0.179 0.109 0.000 0.000 0.707
0.151 0.151 1.000 0.070 2.133 0.114 0.175 0.025 0.000 0.000 2.128
0.020 0.080 0.500 0.028 0.614 0.008 0.041 0.032 0.000 0.000 0.848
0.012 0.111 0.333 0.090 0.323 0.095 0.161 0.048 0.000 0.000 0.685
0.145 0.202 0.846 0.074 0.639 0.015 0.087 0.034 0.000 0.000 0.750
0.165 0.324 0.714 0.089 0.631 0.106 0.277 0.045 0.000 0.000 1.409
0.219 0.219 1.000 0.087 0.590 0.098 0.163 0.000 0.000 0.027 0.291
0.309 0.431 0.846 0.276 0.175 0.207 0.159 0.075 0.000 0.000 0.117
0.122 0.170 0.846 0.042 0.652 0.032 0.092 0.021 0.000 0.000 0.496
0.293 0.410 0.846 0.293 0.453 0.227 0.136 0.160 0.000 0.000 0.363
0.136 0.266 0.714 0.220 0.846 0.167 0.244 0.083 0.000 0.000 0.964
0.060 0.117 0.714 0.097 0.572 0.212 0.120 0.085 0.000 0.000 0.640
0.139 0.139 1.000 0.110 0.164 0.123 0.104 0.050 0.000 0.000 0.093
0.003 0.066 0.200 0.000 1.840 0.096 0.086 0.025 0.000 0.064 1.514
0.053 0.212 0.500 0.099 0.739 0.068 0.185 0.047 0.000 0.000 0.640
0.264 0.264 1.000 0.106 0.158 0.145 0.130 0.000 0.000 0.043 0.194
0.247 0.247 1.000 0.144 0.569 0.115 0.181 0.057 0.000 0.000 0.598
0.183 0.358 0.714 0.046 0.893 0.145 0.200 0.046 0.000 0.000 1.538
0.000 0.010 0.021 0.000 0.759 0.039 0.007 0.034 0.000 0.013 0.587
0.000 0.000 0.000 0.000 0.927 0.026 0.000 0.026 0.000 0.022 0.292
0.000 0.100 0.043 0.032 0.504 0.000 0.016 0.000 0.000 0.028 0.587
0.000 0.036 0.043 0.000 0.555 0.047 0.011 0.038 0.000 0.021 0.626
0.000 0.029 0.067 0.000 0.382 0.055 0.029 0.055 0.000 0.038 0.383
0.002 0.064 0.171 0.020 1.436 0.028 0.050 0.012 0.000 0.000 1.417
0.000 0.041 0.043 0.040 0.385 0.000 0.018 0.000 0.000 0.040 0.379
0.000 0.049 0.021 0.005 0.543 0.023 0.004 0.028 0.000 0.000 0.514
0.000 0.058 0.043 0.012 0.549 0.037 0.004 0.037 0.000 0.000 0.533
0.000 0.000 0.000 0.000 0.418 0.071 0.001 0.086 0.000 0.000 0.418
0.000 0.184 0.043 0.000 0.514 0.014 0.013 0.014 0.000 0.007 0.481
0.003 0.334 0.091 0.136 0.106 0.086 0.033 0.074 0.000 0.000 0.323
0.001 0.141 0.067 0.052 1.103 0.067 0.010 0.089 0.000 0.000 0.754
0.001 0.118 0.091 0.069 0.572 0.054 0.047 0.042 0.000 0.000 0.318
0.000 0.038 0.091 0.000 0.325 0.042 0.033 0.038 0.000 0.019 0.263
0.003 0.072 0.200 0.027 0.369 0.035 0.045 0.039 0.000 0.000 0.257
0.000 0.035 0.021 0.014 0.344 0.069 0.009 0.062 0.000 0.000 0.321
0.001 0.144 0.067 0.015 0.274 0.026 0.049 0.031 0.000 0.000 0.261
0.000 0.106 0.067 0.021 0.448 0.000 0.009 0.009 0.000 0.004 0.417
0.007 0.367 0.143 0.036 0.639 0.072 0.046 0.086 0.000 0.000 0.591
0.016 0.555 0.171 0.035 0.435 0.044 0.121 0.018 0.000 0.000 0.452
0.036 0.516 0.263 0.130 0.836 0.085 0.092 0.072 0.000 0.000 0.441
0.004 0.194 0.143 0.012 0.208 0.039 0.063 0.027 0.000 0.000 0.234
0.003 0.136 0.143 0.004 1.267 0.050 0.039 0.054 0.000 0.000 1.065
0.002 0.071 0.171 0.125 0.310 0.060 0.045 0.056 0.000 0.000 0.346
0.010 0.112 0.297 0.036 0.588 0.031 0.033 0.031 0.000 0.000 0.424
0.002 0.119 0.116 0.022 0.607 0.058 0.056 0.077 0.000 0.000 0.610
0.019 0.267 0.263 0.041 0.783 0.054 0.064 0.059 0.000 0.000 0.704
0.001 0.162 0.091 0.011 0.128 0.042 0.019 0.050 0.000 0.000 0.114
0.050 0.717 0.263 0.097 0.493 0.042 0.089 0.050 0.000 0.000 0.352
0.005 0.224 0.143 0.064 0.495 0.083 0.036 0.087 0.000 0.000 0.510
0.018 0.453 0.200 0.040 0.449 0.116 0.047 0.107 0.000 0.000 0.560
0.007 0.225 0.171 0.068 0.880 0.061 0.061 0.046 0.000 0.000 0.457
0.003 0.157 0.143 0.025 0.644 0.053 0.037 0.025 0.000 0.000 0.416
0.002 0.077 0.143 0.041 0.127 0.028 0.034 0.016 0.000 0.000 0.558
0.008 0.117 0.263 0.064 1.211 0.119 0.071 0.100 0.000 0.000 1.046
0.013 0.183 0.263 0.056 0.510 0.112 0.056 0.082 0.000 0.000 0.404
0.001 0.142 0.091 0.017 0.448 0.030 0.043 0.035 0.000 0.000 0.445
0.003 0.243 0.116 0.025 0.957 0.000 0.029 0.004 0.000 0.000 0.859
0.019 0.485 0.200 0.071 0.379 0.000 0.052 0.020 0.000 0.031 0.336
0.017 0.430 0.200 0.059 0.839 0.105 0.057 0.084 0.000 0.000 0.234
0.045 0.508 0.297 0.056 0.181 0.036 0.110 0.004 0.000 0.000 0.979
0.009 0.318 0.171 0.063 0.618 0.026 0.041 0.015 0.000 0.000 0.592
0.010 0.184 0.231 0.108 0.552 0.087 0.050 0.079 0.000 0.000 0.531
0.010 0.115 0.297 0.079 0.700 0.041 0.060 0.041 0.000 0.000 0.753
0.017 0.123 0.371 0.035 0.305 0.028 0.108 0.017 0.000 0.000 0.753
0.006 0.143 0.200 0.014 0.325 0.047 0.052 0.029 0.000 0.000 0.331
0.013 0.248 0.231 0.063 0.718 0.110 0.052 0.076 0.000 0.000 0.646
0.007 0.343 0.143 0.060 0.611 0.028 0.029 0.060 0.000 0.000 0.509
0.094 0.554 0.412 0.129 0.412 0.076 0.041 0.057 0.000 0.000 0.326
0.113 0.547 0.455 0.086 0.345 0.121 0.070 0.073 0.000 0.000 0.382
0.054 0.484 0.333 0.057 0.621 0.065 0.102 0.034 0.000 0.000 1.095
0.011 0.270 0.200 0.010 1.091 0.014 0.081 0.000 0.000 0.019 1.242
0.079 0.318 0.500 0.111 0.564 0.070 0.085 0.044 0.000 0.000 0.639
0.010 0.139 0.263 0.062 0.754 0.066 0.104 0.040 0.000 0.000 0.812
0.098 0.192 0.714 0.098 0.498 0.115 0.098 0.077 0.000 0.000 0.426
0.078 0.377 0.455 0.087 0.473 0.033 0.091 0.037 0.000 0.000 0.581
0.080 0.389 0.455 0.124 1.035 0.041 0.070 0.023 0.000 0.000 0.803
0.004 0.187 0.143 0.051 0.630 0.086 0.003 0.075 0.000 0.000 0.551
0.026 0.482 0.231 0.074 0.525 0.061 0.074 0.069 0.000 0.000 0.442
0.004 0.210 0.143 0.020 1.054 0.065 0.029 0.060 0.000 0.000 0.473
0.111 0.535 0.455 0.104 0.453 0.082 0.070 0.061 0.000 0.000 1.112
0.068 0.400 0.412 0.124 0.284 0.115 0.090 0.081 0.000 0.000 0.224
0.225 0.314 0.846 0.164 0.428 0.169 0.095 0.085 0.000 0.000 0.420
0.026 0.192 0.371 0.116 0.652 0.080 0.102 0.031 0.000 0.000 0.790
0.036 0.173 0.455 0.075 0.140 0.108 0.092 0.059 0.000 0.000 0.123
0.051 0.298 0.412 0.080 1.079 0.071 0.082 0.044 0.000 0.000 0.883
0.048 0.282 0.412 0.091 0.908 0.108 0.035 0.048 0.000 0.000 0.746
0.158 0.526 0.548 0.118 1.166 0.052 0.051 0.000 0.000 0.000 1.101
0.115 0.678 0.412 0.105 0.312 0.150 0.155 0.093 0.000 0.000 0.255
0.000 0.052 0.043 0.012 0.106 0.037 0.008 0.039 0.000 0.000 0.165
0.000 0.220 0.043 0.000 0.068 0.047 0.001 0.047 0.000 0.035 0.092
0.000 0.008 0.043 0.033 0.697 0.022 0.011 0.027 0.000 0.000 0.965
0.000 0.077 0.043 0.009 0.230 0.024 0.003 0.033 0.000 0.000 0.735
0.000 0.019 0.043 0.000 0.422 0.000 0.008 0.029 0.000 0.013 1.265
0.017 0.046 0.600 0.007 0.314 0.049 0.011 0.047 0.000 0.000 0.268
0.000 0.000 0.000 0.000 0.477 0.012 0.000 0.012 0.000 0.000 0.477
0.001 0.145 0.091 0.027 0.234 0.061 0.000 0.061 0.000 0.000 0.212
0.000 0.004 0.021 0.002 0.431 0.000 0.002 0.000 0.000 0.002 0.431
0.000 0.176 0.043 0.019 0.271 0.000 0.005 0.000 0.000 0.005 0.246
0.001 0.171 0.091 0.030 0.406 0.048 0.009 0.053 0.000 0.000 0.596
0.007 0.517 0.116 0.074 0.331 0.007 0.009 0.007 0.000 0.000 0.506
0.001 0.156 0.091 0.000 0.274 0.000 0.009 0.000 0.000 0.009 0.384
0.000 0.096 0.067 0.067 0.870 0.048 0.005 0.055 0.000 0.000 1.328
0.000 0.036 0.116 0.010 0.681 0.041 0.010 0.025 0.000 0.000 0.692
0.024 0.066 0.600 0.033 0.579 0.041 0.019 0.015 0.000 0.000 0.582
0.000 0.024 0.043 0.032 1.133 0.027 0.010 0.027 0.000 0.000 1.012
0.002 0.184 0.116 0.071 0.293 0.039 0.008 0.037 0.000 0.000 0.190
0.001 0.152 0.091 0.017 0.198 0.032 0.004 0.020 0.000 0.000 0.190
0.021 0.728 0.171 0.028 0.856 0.028 0.003 0.030 0.000 0.000 0.799
0.002 0.263 0.091 0.057 0.532 0.034 0.004 0.049 0.000 0.000 1.250
0.000 0.008 0.043 0.009 0.322 0.031 0.001 0.029 0.000 0.000 0.595
0.002 0.162 0.116 0.037 0.453 0.017 0.005 0.012 0.000 0.000 0.410
0.003 0.150 0.143 0.021 0.649 0.039 0.004 0.048 0.000 0.000 1.332
0.000 0.019 0.043 0.005 0.303 0.038 0.003 0.033 0.000 0.000 0.276
0.048 0.112 0.655 0.056 0.770 0.046 0.017 0.040 0.000 0.000 1.074
0.000 0.041 0.067 0.011 0.474 0.007 0.000 0.013 0.000 0.000 1.714
0.004 0.213 0.143 0.077 0.197 0.058 0.015 0.053 0.000 0.000 0.131
0.001 0.200 0.067 0.039 0.217 0.042 0.005 0.037 0.000 0.000 0.176
0.001 0.166 0.067 0.029 0.165 0.036 0.003 0.039 0.000 0.000 0.136
0.028 0.529 0.231 0.174 0.369 0.032 0.016 0.041 0.000 0.000 0.628
0.005 0.376 0.116 0.000 0.172 0.017 0.002 0.019 0.000 0.004 0.420
0.005 0.267 0.143 0.110 0.415 0.076 0.022 0.076 0.000 0.000 0.771
0.010 0.184 0.231 0.034 0.505 0.005 0.012 0.000 0.000 0.000 0.717
0.003 0.062 0.231 0.005 0.426 0.000 0.006 0.010 0.000 0.003 1.025
0.042 0.082 0.714 0.055 0.350 0.024 0.012 0.038 0.000 0.000 0.438
0.010 0.149 0.263 0.065 0.492 0.110 0.009 0.110 0.000 0.000 1.214
0.003 0.243 0.116 0.055 0.762 0.074 0.008 0.085 0.000 0.000 0.631
0.020 0.500 0.200 0.100 0.173 0.018 0.007 0.016 0.000 0.000 0.280
0.021 0.306 0.263 0.048 0.219 0.000 0.007 0.002 0.000 0.005 0.189
0.033 0.475 0.263 0.103 0.439 0.018 0.014 0.032 0.000 0.000 0.706
0.012 0.411 0.171 0.079 0.574 0.026 0.016 0.029 0.000 0.000 1.204
0.006 0.195 0.171 0.060 0.677 0.013 0.012 0.018 0.000 0.000 1.022
0.004 0.266 0.116 0.068 0.338 0.047 0.001 0.055 0.000 0.000 0.540
0.011 0.152 0.263 0.103 0.145 0.116 0.017 0.121 0.000 0.000 0.116
0.041 0.095 0.655 0.036 0.396 0.038 0.020 0.038 0.000 0.000 1.203
0.005 0.119 0.200 0.056 0.167 0.072 0.008 0.072 0.000 0.000 0.716
0.006 0.270 0.143 0.132 0.911 0.124 0.007 0.098 0.000 0.000 0.644
0.042 0.479 0.297 0.060 0.310 0.033 0.012 0.030 0.000 0.000 0.405
0.032 0.461 0.263 0.069 0.667 0.032 0.009 0.000 0.000 0.007 0.473
0.074 0.834 0.297 0.220 0.309 0.090 0.024 0.107 0.000 0.000 0.638
0.113 0.816 0.371 0.121 0.475 0.021 0.027 0.000 0.000 0.015 0.814
0.065 0.383 0.412 0.199 0.333 0.020 0.027 0.048 0.000 0.000 0.466
0.022 0.250 0.297 0.119 0.209 0.013 0.016 0.008 0.000 0.000 0.391
0.001 0.065 0.143 0.000 0.148 0.034 0.014 0.034 0.000 0.007 0.244
0.060 0.084 0.846 0.057 0.104 0.078 0.017 0.064 0.000 0.000 0.609
0.020 0.176 0.333 0.090 0.225 0.090 0.022 0.074 0.000 0.000 0.195
0.049 0.437 0.333 0.127 0.265 0.075 0.012 0.087 0.000 0.000 0.252
0.056 0.635 0.297 0.145 0.199 0.077 0.008 0.082 0.000 0.000 0.141
0.174 1.260 0.371 0.245 0.573 0.043 0.034 0.000 0.000 0.009 0.234
0.047 0.342 0.371 0.035 0.411 0.007 0.027 0.000 0.000 0.023 0.576
0.082 0.596 0.371 0.183 0.188 0.096 0.036 0.064 0.000 0.000 0.450
0.211 0.586 0.600 0.294 0.673 0.164 0.049 0.148 0.000 0.000 0.563
0.143 0.477 0.548 0.178 0.666 0.078 0.020 0.080 0.000 0.000 0.683
0.020 0.221 0.297 0.117 0.100 0.101 0.021 0.096 0.000 0.000 0.427
0.108 0.212 0.714 0.050 0.273 0.043 0.032 0.026 0.000 0.000 0.526
0.027 0.157 0.412 0.065 0.383 0.075 0.009 0.068 0.000 0.000 0.257
0.187 0.518 0.600 0.282 0.471 0.170 0.035 0.157 0.000 0.000 0.275
0.102 0.601 0.412 0.216 0.899 0.125 0.038 0.108 0.000 0.000 0.401
0.083 0.604 0.371 0.159 0.684 0.018 0.022 0.027 0.000 0.000 0.744
0.000 0.140 0.021 0.007 0.293 0.007 0.006 0.015 0.000 0.000 0.293
0.004 0.290 0.116 0.019 0.797 0.011 0.041 0.019 0.000 0.000 0.826
0.000 0.058 0.043 0.031 0.792 0.066 0.019 0.066 0.000 0.000 0.859
0.001 0.088 0.091 0.045 0.225 0.082 0.024 0.082 0.000 0.000 0.680
0.000 0.019 0.043 0.016 0.755 0.081 0.016 0.077 0.000 0.000 0.719
0.008 0.088 0.297 0.056 0.147 0.116 0.081 0.099 0.000 0.000 0.151
0.000 0.010 0.021 0.000 0.431 0.016 0.007 0.020 0.000 0.004 0.453
0.000 0.019 0.043 0.000 0.299 0.000 0.000 0.000 0.000 0.007 0.320
0.003 0.219 0.116 0.039 0.402 0.028 0.012 0.043 0.000 0.000 0.365
0.000 0.067 0.067 0.004 0.578 0.029 0.002 0.029 0.000 0.000 0.569
0.000 0.257 0.043 0.020 0.489 0.085 0.005 0.093 0.000 0.000 0.523
0.001 0.115 0.067 0.000 0.587 0.003 0.014 0.007 0.000 0.000 0.466
0.002 0.086 0.143 0.000 0.416 0.040 0.067 0.029 0.000 0.022 0.513
0.000 0.045 0.067 0.000 0.573 0.041 0.016 0.038 0.000 0.026 0.299
0.000 0.039 0.091 0.011 0.787 0.022 0.022 0.033 0.000 0.000 0.741
0.023 0.110 0.455 0.035 0.269 0.063 0.134 0.053 0.000 0.000 0.297
0.000 0.033 0.067 0.023 0.200 0.055 0.026 0.070 0.000 0.000 0.189
0.000 0.010 0.021 0.000 1.211 0.004 0.000 0.007 0.000 0.000 1.193
0.000 0.106 0.067 0.018 0.240 0.077 0.001 0.077 0.000 0.000 0.180
0.003 0.401 0.091 0.071 0.472 0.098 0.004 0.098 0.000 0.000 0.409
0.000 0.132 0.043 0.000 0.138 0.011 0.011 0.022 0.000 0.000 0.213
0.003 0.127 0.143 0.050 0.128 0.033 0.066 0.037 0.000 0.000 0.510
0.007 0.241 0.171 0.042 0.487 0.038 0.036 0.046 0.000 0.000 0.518
0.001 0.063 0.091 0.000 0.499 0.060 0.015 0.048 0.000 0.052 0.272
0.003 0.086 0.171 0.084 0.323 0.042 0.020 0.038 0.000 0.000 0.299
0.006 0.088 0.263 0.057 0.399 0.057 0.122 0.057 0.000 0.000 0.437
0.012 0.104 0.333 0.053 0.512 0.019 0.070 0.011 0.000 0.000 0.445
0.000 0.102 0.067 0.057 0.419 0.032 0.008 0.028 0.000 0.000 0.523
0.001 0.079 0.116 0.011 0.900 0.059 0.004 0.077 0.000 0.000 1.013
0.003 0.344 0.091 0.023 0.348 0.034 0.011 0.030 0.000 0.000 0.301
0.009 0.449 0.143 0.057 0.418 0.000 0.071 0.004 0.000 0.016 0.721
0.028 0.407 0.263 0.102 0.560 0.038 0.089 0.021 0.000 0.000 0.408
0.016 0.228 0.263 0.053 0.624 0.019 0.030 0.000 0.000 0.019 0.356
0.001 0.088 0.116 0.000 0.653 0.017 0.031 0.021 0.000 0.021 0.922
0.006 0.111 0.231 0.097 0.605 0.062 0.083 0.058 0.000 0.000 0.967
0.027 0.128 0.455 0.072 1.415 0.061 0.140 0.053 0.000 0.000 1.488
0.003 0.086 0.200 0.055 0.412 0.075 0.059 0.080 0.000 0.000 0.364
0.048 0.350 0.371 0.103 0.722 0.045 0.087 0.041 0.000 0.000 0.635
0.002 0.250 0.091 0.033 0.500 0.070 0.040 0.066 0.000 0.000 0.213
0.024 0.590 0.200 0.065 1.143 0.046 0.026 0.051 0.000 0.000 1.097
0.012 0.422 0.171 0.037 1.430 0.046 0.027 0.037 0.000 0.000 1.261
0.048 0.352 0.371 0.036 0.783 0.016 0.090 0.000 0.000 0.032 0.564
0.014 0.265 0.231 0.029 0.250 0.046 0.106 0.033 0.000 0.000 0.450
0.049 0.288 0.412 0.199 0.260 0.068 0.035 0.072 0.000 0.000 0.372
0.001 0.071 0.143 0.000 0.657 0.012 0.031 0.016 0.000 0.028 0.481
0.019 0.112 0.412 0.067 0.427 0.040 0.055 0.047 0.000 0.000 0.433
0.032 0.187 0.412 0.159 0.254 0.090 0.082 0.095 0.000 0.000 0.439
0.006 0.222 0.171 0.071 0.513 0.054 0.041 0.054 0.000 0.000 0.803
0.029 0.420 0.263 0.067 0.530 0.028 0.086 0.047 0.000 0.000 0.548
0.055 0.495 0.333 0.108 0.226 0.044 0.016 0.056 0.000 0.000 0.252
0.015 0.500 0.171 0.056 0.441 0.087 0.043 0.087 0.000 0.000 0.297
0.078 0.378 0.455 0.055 0.391 0.032 0.145 0.000 0.000 0.032 0.535
0.028 0.314 0.297 0.127 0.373 0.015 0.052 0.000 0.000 0.031 0.132
0.036 0.264 0.371 0.140 0.516 0.075 0.071 0.053 0.000 0.000 0.835
0.048 0.234 0.455 0.067 0.564 0.007 0.090 0.000 0.000 0.014 0.626
0.049 0.136 0.600 0.000 0.550 0.034 0.104 0.008 0.000 0.034 0.570
0.018 0.160 0.333 0.075 0.392 0.067 0.081 0.067 0.000 0.000 0.475
0.053 0.255 0.455 0.055 0.507 0.073 0.027 0.005 0.000 0.000 1.175
0.048 0.429 0.333 0.129 0.542 0.055 0.076 0.000 0.000 0.031 0.592
0.057 0.515 0.333 0.060 0.442 0.000 0.077 0.019 0.000 0.000 0.243
0.110 0.439 0.500 0.104 1.047 0.000 0.104 0.004 0.000 0.041 0.960
0.064 0.461 0.371 0.105 0.512 0.050 0.074 0.050 0.000 0.000 0.380
0.122 0.340 0.600 0.056 0.612 0.016 0.093 0.000 0.000 0.008 0.492
0.056 0.331 0.412 0.130 0.532 0.099 0.137 0.054 0.000 0.000 0.792
0.040 0.194 0.455 0.051 0.915 0.033 0.058 0.014 0.000 0.000 0.776
0.040 0.159 0.500 0.023 0.782 0.009 0.094 0.036 0.000 0.000 0.735
0.110 0.305 0.600 0.070 1.434 0.043 0.150 0.017 0.000 0.000 1.792
0.223 0.437 0.714 0.160 0.972 0.074 0.113 0.037 0.000 0.000 0.938
0.105 0.419 0.500 0.066 0.859 0.044 0.049 0.044 0.000 0.000 0.382
0.102 0.601 0.412 0.064 0.282 0.004 0.055 0.000 0.000 0.020 0.407
0.002 0.347 0.067 0.002 0.347 0.018 0.004 0.018 0.000 0.000 0.406
0.000 0.096 0.043 0.019 0.659 0.075 0.006 0.053 0.000 0.000 1.308
0.000 0.049 0.021 0.010 1.275 0.029 0.000 0.029 0.000 0.000 1.196
0.000 0.026 0.021 0.000 0.603 0.053 0.000 0.053 0.000 0.057 0.522
0.000 0.018 0.091 0.000 0.580 0.067 0.000 0.067 0.000 0.020 0.544
0.001 0.031 0.143 0.028 0.449 0.023 0.013 0.020 0.000 0.000 0.395
0.000 0.000 0.000 0.034 0.711 0.026 0.002 0.032 0.000 0.000 0.712
0.003 0.143 0.143 0.003 0.122 0.029 0.002 0.029 0.000 0.000 0.121
0.000 0.052 0.043 0.005 0.657 0.013 0.008 0.010 0.000 0.000 0.489
0.001 0.336 0.043 0.016 0.195 0.042 0.004 0.042 0.000 0.000 0.297
0.004 0.320 0.116 0.000 0.215 0.030 0.003 0.037 0.000 0.012 0.233
0.003 0.313 0.091 0.029 0.281 0.060 0.001 0.070 0.000 0.000 0.431
0.000 0.094 0.067 0.007 0.572 0.044 0.004 0.033 0.000 0.000 0.632
0.001 0.074 0.116 0.058 0.688 0.066 0.003 0.064 0.000 0.000 0.503
0.000 0.023 0.091 0.013 0.573 0.050 0.003 0.050 0.000 0.000 0.954
0.005 0.042 0.333 0.019 1.039 0.014 0.004 0.000 0.000 0.014 1.324
0.000 0.024 0.043 0.014 0.884 0.054 0.000 0.049 0.000 0.000 0.840
0.000 0.056 0.091 0.010 0.127 0.033 0.000 0.041 0.000 0.000 0.114
0.002 0.187 0.091 0.028 0.920 0.014 0.008 0.017 0.000 0.000 0.920
0.005 0.547 0.091 0.027 0.235 0.007 0.004 0.007 0.000 0.000 0.226
0.012 0.414 0.171 0.035 0.332 0.047 0.010 0.042 0.000 0.000 0.248
0.064 0.579 0.333 0.045 0.869 0.000 0.004 0.015 0.000 0.035 0.445
0.001 0.102 0.091 0.000 0.653 0.022 0.003 0.022 0.000 0.015 0.555
0.000 0.035 0.091 0.000 0.336 0.032 0.002 0.030 0.000 0.024 1.376
0.001 0.041 0.171 0.000 0.204 0.033 0.005 0.023 0.000 0.005 0.153
0.008 0.060 0.371 0.000 0.263 0.033 0.008 0.024 0.000 0.035 0.283
0.009 0.169 0.231 0.099 0.245 0.043 0.015 0.031 0.000 0.000 0.254
0.000 0.098 0.067 0.000 0.547 0.024 0.000 0.024 0.000 0.000 0.548
0.020 0.383 0.231 0.029 0.653 0.029 0.013 0.022 0.000 0.000 0.356
0.007 0.500 0.116 0.014 0.701 0.024 0.007 0.024 0.000 0.000 0.779
0.010 0.258 0.200 0.043 0.452 0.012 0.007 0.027 0.000 0.000 0.549
0.010 0.488 0.143 0.000 0.762 0.036 0.006 0.025 0.000 0.034 0.840
0.018 0.341 0.231 0.102 0.474 0.072 0.010 0.064 0.000 0.000 0.176
0.004 0.143 0.171 0.028 0.353 0.026 0.003 0.022 0.000 0.000 0.444
0.001 0.039 0.143 0.052 0.277 0.058 0.003 0.065 0.000 0.000 0.321
0.008 0.087 0.297 0.036 0.441 0.022 0.024 0.022 0.000 0.000 0.542
0.002 0.085 0.143 0.002 0.402 0.000 0.007 0.012 0.000 0.025 0.395
0.005 0.174 0.171 0.055 0.200 0.047 0.005 0.049 0.000 0.000 0.240
0.018 0.441 0.200 0.075 0.224 0.042 0.010 0.036 0.000 0.000 0.166
0.026 0.482 0.231 0.005 0.749 0.013 0.007 0.011 0.000 0.000 0.805
0.046 0.522 0.297 0.072 0.244 0.006 0.010 0.000 0.000 0.027 0.240
0.026 0.482 0.231 0.062 0.523 0.039 0.008 0.034 0.000 0.000 0.538
0.016 0.306 0.231 0.016 0.910 0.005 0.003 0.000 0.000 0.000 0.796
0.001 0.069 0.116 0.042 0.298 0.026 0.013 0.026 0.000 0.000 0.938
0.001 0.058 0.143 0.011 1.380 0.025 0.012 0.014 0.000 0.000 1.324
0.009 0.125 0.263 0.069 0.406 0.048 0.007 0.034 0.000 0.000 0.646
0.006 0.110 0.231 0.035 0.412 0.038 0.004 0.035 0.000 0.000 0.513
0.016 0.303 0.231 0.040 1.097 0.014 0.013 0.014 0.000 0.000 0.585
0.019 0.362 0.231 0.064 0.298 0.055 0.006 0.032 0.000 0.000 0.397
0.023 0.580 0.200 0.018 0.585 0.034 0.006 0.031 0.000 0.000 0.930
0.108 0.638 0.412 0.053 0.379 0.011 0.022 0.000 0.000 0.011 0.415
0.059 0.428 0.371 0.097 0.728 0.000 0.008 0.017 0.000 0.000 2.231
0.007 0.231 0.171 0.058 0.324 0.017 0.004 0.029 0.000 0.000 0.334
0.020 0.224 0.297 0.057 0.628 0.030 0.015 0.033 0.000 0.000 1.644
0.006 0.083 0.263 0.024 0.721 0.051 0.010 0.035 0.000 0.000 1.019
0.053 0.213 0.500 0.124 0.317 0.037 0.025 0.026 0.000 0.000 0.436
0.004 0.136 0.171 0.071 0.151 0.052 0.004 0.052 0.000 0.000 0.158
0.087 0.419 0.455 0.127 0.380 0.028 0.030 0.025 0.000 0.000 0.395
0.041 0.370 0.333 0.076 0.541 0.073 0.024 0.013 0.000 0.000 0.485
0.041 0.593 0.263 0.048 0.332 0.054 0.012 0.042 0.000 0.000 0.315
0.115 0.460 0.500 0.084 0.348 0.000 0.023 0.000 0.000 0.014 0.255
0.194 0.646 0.548 0.088 0.731 0.036 0.008 0.033 0.000 0.000 0.682
0.077 0.308 0.500 0.085 0.389 0.030 0.015 0.018 0.000 0.000 0.570
0.097 0.226 0.655 0.123 0.833 0.036 0.017 0.019 0.000 0.000 1.016
0.008 0.111 0.263 0.061 0.309 0.035 0.015 0.019 0.000 0.000 0.542
0.104 0.288 0.600 0.173 1.308 0.053 0.038 0.034 0.000 0.000 1.450
0.127 0.249 0.714 0.129 0.766 0.010 0.016 0.000 0.000 0.022 0.660
0.039 0.281 0.371 0.026 0.146 0.005 0.008 0.002 0.000 0.000 0.257
0.031 0.449 0.263 0.059 0.477 0.031 0.017 0.020 0.000 0.000 1.002
0.620 0.866 0.846 0.081 0.577 0.052 0.011 0.009 0.000 0.000 0.479
0.000 0.078 0.043 0.031 0.475 0.023 0.003 0.033 0.000 0.000 0.534
0.000 0.125 0.055 0.002 0.144 0.008 0.006 0.000 0.000 0.004 0.501
0.000 0.149 0.032 0.014 0.307 0.012 0.003 0.010 0.000 0.000 0.351
0.000 0.038 0.021 0.000 0.413 0.009 0.002 0.013 0.000 0.004 0.476
0.000 0.057 0.067 0.000 1.342 0.018 0.007 0.018 0.000 0.008 1.645
0.000 0.057 0.067 0.019 0.546 0.044 0.001 0.044 0.000 0.000 0.511
0.000 0.058 0.032 0.004 0.365 0.028 0.000 0.028 0.000 0.000 0.362
0.000 0.197 0.043 0.009 0.244 0.002 0.000 0.002 0.000 0.000 0.231
0.000 0.163 0.021 0.021 0.617 0.006 0.001 0.000 0.000 0.006 0.581
0.000 0.000 0.000 0.000 0.389 0.043 0.000 0.043 0.000 0.000 0.389
0.000 0.020 0.021 0.025 0.299 0.042 0.002 0.036 0.000 0.000 0.409
0.000 0.107 0.032 0.006 0.159 0.015 0.001 0.021 0.000 0.000 0.458
0.000 0.049 0.011 0.000 0.288 0.007 0.000 0.009 0.000 0.007 0.350
0.000 0.105 0.055 0.018 0.289 0.000 0.003 0.009 0.000 0.002 0.830
0.002 0.104 0.129 0.005 0.138 0.024 0.008 0.029 0.000 0.000 0.786
0.000 0.048 0.055 0.000 0.476 0.008 0.002 0.004 0.000 0.000 0.475
0.000 0.071 0.043 0.008 0.228 0.055 0.000 0.055 0.000 0.000 0.223
0.000 0.158 0.043 0.014 0.462 0.040 0.002 0.036 0.000 0.000 0.428
0.000 0.173 0.043 0.008 0.660 0.022 0.000 0.022 0.000 0.000 0.638
0.000 0.000 0.000 0.000 0.230 0.023 0.000 0.023 0.000 0.000 0.230
0.003 0.413 0.079 0.031 0.400 0.027 0.007 0.032 0.000 0.000 0.523
0.001 0.206 0.067 0.027 0.193 0.014 0.004 0.016 0.000 0.000 0.807
0.001 0.165 0.067 0.006 0.795 0.000 0.007 0.006 0.000 0.002 0.984
0.001 0.168 0.067 0.031 0.400 0.036 0.007 0.027 0.000 0.000 0.966
0.000 0.065 0.079 0.000 0.243 0.016 0.003 0.021 0.000 0.039 0.233
0.000 0.062 0.067 0.021 0.278 0.000 0.002 0.000 0.000 0.004 0.252
0.001 0.145 0.067 0.026 0.547 0.034 0.002 0.036 0.000 0.000 0.511
0.003 0.345 0.091 0.034 0.609 0.010 0.002 0.008 0.000 0.000 0.550
0.000 0.158 0.021 0.010 0.526 0.038 0.000 0.038 0.000 0.000 0.508
0.001 0.326 0.055 0.014 0.380 0.002 0.001 0.000 0.000 0.000 0.335
0.006 0.470 0.116 0.046 0.310 0.025 0.009 0.025 0.000 0.000 0.500
0.005 0.491 0.103 0.047 0.312 0.042 0.005 0.045 0.000 0.000 0.962
0.001 0.151 0.091 0.027 0.196 0.021 0.008 0.029 0.000 0.000 0.331
0.002 0.199 0.103 0.021 0.210 0.033 0.007 0.029 0.000 0.000 0.981
0.000 0.059 0.067 0.010 0.423 0.018 0.004 0.016 0.000 0.000 0.475
0.001 0.111 0.103 0.055 0.425 0.078 0.006 0.073 0.000 0.000 0.366
0.001 0.129 0.079 0.011 0.190 0.018 0.000 0.022 0.000 0.000 0.187
0.004 0.372 0.103 0.057 0.275 0.065 0.002 0.067 0.000 0.000 0.215
0.001 0.311 0.067 0.014 0.235 0.024 0.000 0.024 0.000 0.000 0.196
0.002 0.509 0.067 0.030 0.178 0.022 0.001 0.024 0.000 0.000 0.141
0.003 0.492 0.079 0.030 0.266 0.050 0.006 0.046 0.000 0.000 0.384
0.011 0.630 0.129 0.074 0.377 0.018 0.014 0.014 0.000 0.000 1.180
0.022 0.548 0.200 0.095 0.612 0.074 0.011 0.064 0.000 0.000 0.887
0.008 0.265 0.171 0.044 0.425 0.046 0.008 0.044 0.000 0.000 1.416
0.002 0.114 0.129 0.044 0.250 0.028 0.008 0.036 0.000 0.000 0.385
0.003 0.125 0.143 0.013 0.561 0.040 0.001 0.040 0.000 0.000 0.595
0.002 0.184 0.103 0.030 0.129 0.054 0.002 0.051 0.000 0.000 0.150
0.011 0.460 0.157 0.047 0.269 0.031 0.000 0.033 0.000 0.000 0.205
0.013 0.653 0.143 0.030 0.148 0.024 0.000 0.024 0.000 0.000 0.138
0.003 0.404 0.091 0.020 0.290 0.004 0.000 0.004 0.000 0.000 0.253
0.013 0.541 0.157 0.055 0.252 0.010 0.007 0.010 0.000 0.000 0.445
0.015 0.529 0.171 0.031 0.507 0.012 0.010 0.014 0.000 0.000 1.141
0.026 0.561 0.215 0.063 0.315 0.027 0.010 0.031 0.000 0.000 0.433
0.006 0.298 0.143 0.035 0.432 0.017 0.010 0.000 0.000 0.000 0.887
0.007 0.184 0.200 0.035 0.288 0.023 0.016 0.013 0.000 0.000 0.342
0.012 0.291 0.200 0.044 0.359 0.044 0.006 0.048 0.000 0.000 0.345
0.003 0.245 0.103 0.033 0.243 0.039 0.002 0.039 0.000 0.000 0.218
0.004 0.340 0.103 0.036 0.217 0.050 0.002 0.054 0.000 0.000 0.165
0.019 0.653 0.171 0.053 0.390 0.031 0.002 0.033 0.000 0.000 0.415
0.052 0.859 0.247 0.064 0.312 0.028 0.003 0.028 0.000 0.000 0.264
0.041 0.763 0.231 0.081 0.293 0.030 0.013 0.047 0.000 0.000 0.971
0.003 0.323 0.091 0.000 0.294 0.008 0.004 0.002 0.000 0.012 0.996
0.012 0.475 0.157 0.036 0.545 0.021 0.013 0.013 0.000 0.000 0.835
0.012 0.364 0.185 0.048 0.501 0.044 0.013 0.042 0.000 0.000 0.756
0.055 0.359 0.391 0.092 0.298 0.073 0.014 0.068 0.000 0.000 0.507
0.004 0.189 0.143 0.044 0.442 0.077 0.003 0.081 0.000 0.000 0.403
0.009 0.303 0.171 0.055 0.267 0.082 0.004 0.084 0.000 0.000 0.215
0.015 0.451 0.185 0.050 0.318 0.038 0.005 0.036 0.000 0.000 0.244
0.050 0.725 0.263 0.077 0.192 0.066 0.002 0.066 0.000 0.000 0.109
0.024 0.695 0.185 0.041 0.127 0.023 0.000 0.023 0.000 0.000 0.122
0.000 0.004 0.011 0.002 0.239 0.022 0.001 0.021 0.000 0.000 0.311
0.000 0.151 0.021 0.019 0.210 0.020 0.002 0.020 0.000 0.000 0.985
0.000 0.008 0.021 0.007 0.245 0.002 0.003 0.004 0.000 0.000 0.275
0.000 0.077 0.032 0.001 0.130 0.025 0.000 0.024 0.000 0.000 0.903
0.000 0.017 0.043 0.000 0.333 0.009 0.003 0.018 0.000 0.001 0.412
0.005 0.067 0.280 0.016 0.221 0.023 0.000 0.023 0.000 0.000 1.087
0.000 0.020 0.021 0.002 0.282 0.011 0.000 0.011 0.000 0.000 0.300
0.000 0.004 0.011 0.000 0.345 0.021 0.000 0.020 0.000 0.000 0.345
0.000 0.058 0.032 0.004 0.196 0.015 0.000 0.015 0.000 0.000 0.188
0.000 0.180 0.011 0.002 0.285 0.002 0.000 0.002 0.000 0.000 0.279
0.001 0.278 0.043 0.000 0.126 0.011 0.001 0.011 0.000 0.009 0.180
0.000 0.146 0.032 0.013 0.264 0.022 0.001 0.018 0.000 0.000 0.709
0.000 0.150 0.043 0.008 0.071 0.019 0.001 0.022 0.000 0.000 0.140
0.000 0.030 0.011 0.028 0.160 0.036 0.002 0.036 0.000 0.000 1.837
0.000 0.043 0.091 0.018 0.117 0.030 0.002 0.017 0.000 0.000 0.907
0.003 0.061 0.231 0.000 0.290 0.008 0.000 0.015 0.000 0.000 0.257
0.000 0.061 0.067 0.022 0.135 0.032 0.001 0.032 0.000 0.000 0.129
0.000 0.152 0.055 0.024 0.189 0.039 0.001 0.039 0.000 0.000 0.139
0.000 0.125 0.032 0.019 0.499 0.018 0.000 0.018 0.000 0.000 0.446
0.001 0.405 0.043 0.022 0.162 0.018 0.000 0.018 0.000 0.000 0.131
0.004 0.442 0.091 0.022 0.158 0.006 0.003 0.004 0.000 0.000 0.325
0.002 0.360 0.067 0.051 0.206 0.010 0.003 0.018 0.000 0.000 0.983
0.002 0.248 0.091 0.054 0.189 0.020 0.005 0.013 0.000 0.000 0.335
0.000 0.091 0.043 0.028 0.153 0.045 0.003 0.042 0.000 0.000 1.047
0.000 0.033 0.043 0.030 0.223 0.047 0.001 0.045 0.000 0.000 0.340
0.006 0.079 0.263 0.001 0.428 0.011 0.001 0.014 0.000 0.000 0.508
0.000 0.103 0.055 0.030 0.200 0.040 0.001 0.040 0.000 0.000 0.290
0.001 0.294 0.067 0.070 0.622 0.057 0.001 0.051 0.000 0.000 0.401
0.000 0.056 0.032 0.006 0.339 0.007 0.000 0.007 0.000 0.000 0.334
0.014 0.667 0.143 0.043 0.161 0.012 0.000 0.012 0.000 0.000 0.100
0.003 0.428 0.079 0.051 0.156 0.026 0.005 0.026 0.000 0.000 0.381
0.002 0.512 0.067 0.042 0.172 0.000 0.001 0.013 0.000 0.000 0.619
0.002 0.207 0.103 0.033 0.346 0.014 0.003 0.016 0.000 0.000 0.798
0.001 0.179 0.079 0.049 0.452 0.055 0.002 0.053 0.000 0.000 1.893
0.002 0.070 0.171 0.032 0.241 0.051 0.001 0.049 0.000 0.000 0.357
0.006 0.094 0.263 0.021 0.183 0.040 0.001 0.043 0.000 0.000 1.075
0.009 0.164 0.231 0.074 0.108 0.092 0.000 0.089 0.000 0.000 0.341
0.000 0.106 0.043 0.020 0.189 0.027 0.000 0.025 0.000 0.000 0.163
0.004 0.416 0.103 0.033 0.211 0.033 0.000 0.033 0.000 0.000 0.192
0.002 0.271 0.091 0.026 0.187 0.006 0.000 0.006 0.000 0.000 0.154
0.005 0.756 0.079 0.071 0.149 0.023 0.002 0.035 0.000 0.000 0.243
0.016 0.645 0.157 0.090 0.309 0.030 0.007 0.035 0.000 0.000 1.661
0.008 0.383 0.143 0.061 0.261 0.035 0.007 0.027 0.000 0.000 0.616
0.007 0.266 0.157 0.116 0.241 0.123 0.001 0.120 0.000 0.000 1.756
0.000 0.045 0.091 0.023 0.198 0.035 0.002 0.036 0.000 0.000 0.264
0.005 0.079 0.263 0.034 0.547 0.041 0.003 0.046 0.000 0.000 0.732
0.002 0.115 0.143 0.027 0.315 0.030 0.000 0.030 0.000 0.000 0.739
0.017 0.502 0.185 0.101 0.486 0.076 0.001 0.084 0.000 0.000 0.204
0.004 0.371 0.103 0.038 0.349 0.056 0.000 0.056 0.000 0.000 0.267
0.020 0.813 0.157 0.057 0.419 0.000 0.000 0.000 0.000 0.001 0.288
0.045 0.978 0.215 0.059 0.161 0.020 0.008 0.015 0.000 0.000 0.449
0.005 0.430 0.103 0.032 0.219 0.005 0.003 0.013 0.000 0.000 1.072
0.008 0.335 0.157 0.023 0.175 0.006 0.005 0.005 0.000 0.000 0.336
0.007 0.265 0.157 0.088 0.179 0.113 0.001 0.105 0.000 0.000 1.738
0.004 0.149 0.157 0.088 0.146 0.092 0.001 0.090 0.000 0.000 0.509
0.032 0.155 0.455 0.040 0.107 0.056 0.001 0.060 0.000 0.000 1.077
0.012 0.252 0.215 0.087 0.213 0.112 0.001 0.112 0.000 0.000 0.471
0.005 0.316 0.129 0.048 0.254 0.044 0.000 0.042 0.000 0.000 0.208
0.011 0.536 0.143 0.070 0.101 0.047 0.000 0.047 0.000 0.000 0.049
0.009 0.514 0.129 0.019 0.330 0.009 0.000 0.009 0.000 0.000 0.319
0.032 1.082 0.171 0.072 0.111 0.033 0.006 0.044 0.000 0.000 0.287
0.018 0.633 0.171 0.103 0.110 0.054 0.007 0.052 0.000 0.000 0.621
0.051 0.654 0.280 0.161 0.177 0.108 0.004 0.096 0.000 0.000 0.617
0.013 0.327 0.200 0.059 0.128 0.081 0.002 0.081 0.000 0.000 0.974
0.018 0.289 0.247 0.123 0.448 0.150 0.002 0.153 0.000 0.000 0.898
0.013 0.127 0.315 0.035 0.156 0.059 0.002 0.062 0.000 0.000 0.485
0.008 0.193 0.200 0.032 0.153 0.037 0.000 0.038 0.000 0.000 0.553
0.046 0.585 0.280 0.093 0.698 0.071 0.001 0.069 0.000 0.000 0.540
0.065 0.830 0.280 0.111 0.636 0.092 0.000 0.092 0.000 0.000 0.349
0.076 1.254 0.247 0.096 0.338 0.021 0.000 0.021 0.000 0.000 0.306
0.000 0.149 0.021 0.017 0.374 0.026 0.000 0.032 0.000 0.000 0.396
0.000 0.204 0.021 0.010 0.388 0.031 0.000 0.029 0.000 0.000 1.125
0.000 0.050 0.011 0.013 0.705 0.027 0.000 0.027 0.000 0.000 0.696
0.000 0.045 0.032 0.012 0.140 0.010 0.001 0.010 0.000 0.000 0.950
0.001 0.082 0.103 0.000 0.174 0.025 0.008 0.020 0.000 0.005 0.314
0.000 0.020 0.021 0.002 0.216 0.024 0.001 0.024 0.000 0.000 0.214
0.000 0.037 0.021 0.004 0.582 0.049 0.000 0.049 0.000 0.000 0.582
0.000 0.050 0.011 0.008 0.647 0.018 0.000 0.018 0.000 0.000 0.612
0.000 0.136 0.021 0.006 0.429 0.014 0.000 0.014 0.000 0.000 0.404
0.000 0.060 0.021 0.008 0.282 0.034 0.000 0.034 0.000 0.000 0.284
0.004 0.506 0.091 0.044 0.445 0.029 0.001 0.026 0.000 0.000 0.412
0.000 0.151 0.021 0.000 0.598 0.021 0.000 0.023 0.000 0.008 1.309
0.000 0.151 0.032 0.021 0.437 0.016 0.000 0.019 0.000 0.000 0.897
0.000 0.088 0.067 0.000 0.408 0.031 0.001 0.031 0.000 0.013 0.949
0.001 0.082 0.103 0.000 0.251 0.033 0.011 0.030 0.000 0.009 0.357
0.000 0.068 0.055 0.031 0.500 0.036 0.002 0.036 0.000 0.000 0.498
0.000 0.029 0.032 0.014 0.194 0.046 0.000 0.046 0.000 0.000 0.265
0.000 0.199 0.043 0.011 0.293 0.015 0.000 0.015 0.000 0.000 0.297
0.002 0.382 0.067 0.010 0.195 0.016 0.000 0.020 0.000 0.000 0.223
0.000 0.181 0.021 0.002 0.465 0.013 0.000 0.019 0.000 0.000 0.587
0.006 0.535 0.103 0.019 0.476 0.008 0.002 0.006 0.000 0.000 0.594
0.002 0.416 0.067 0.048 0.500 0.036 0.002 0.036 0.000 0.000 1.197
0.002 0.259 0.091 0.012 0.291 0.013 0.001 0.015 0.000 0.000 0.335
0.001 0.169 0.091 0.046 0.392 0.039 0.001 0.044 0.000 0.000 1.009
0.005 0.137 0.185 0.038 0.945 0.040 0.011 0.028 0.000 0.000 1.110
0.001 0.098 0.103 0.023 0.329 0.017 0.003 0.015 0.000 0.000 0.298
0.000 0.106 0.067 0.025 0.547 0.031 0.000 0.031 0.000 0.000 0.660
0.002 0.296 0.091 0.021 0.603 0.019 0.003 0.013 0.000 0.000 0.647
0.006 0.679 0.091 0.036 0.168 0.027 0.001 0.029 0.000 0.000 0.171
0.003 0.418 0.079 0.023 0.186 0.013 0.002 0.012 0.000 0.000 0.180
0.006 0.730 0.091 0.029 0.316 0.050 0.001 0.055 0.000 0.000 0.280
0.002 0.339 0.067 0.035 0.450 0.035 0.003 0.045 0.000 0.000 1.246
0.004 0.352 0.103 0.049 0.549 0.028 0.003 0.028 0.000 0.000 0.568
0.001 0.129 0.067 0.028 0.523 0.018 0.002 0.018 0.000 0.000 0.714
0.013 0.184 0.263 0.070 0.272 0.002 0.011 0.000 0.000 0.004 0.343
0.000 0.065 0.067 0.000 0.456 0.018 0.002 0.018 0.000 0.008 0.442
0.001 0.149 0.079 0.047 0.430 0.008 0.003 0.019 0.000 0.000 0.550
0.002 0.294 0.079 0.026 0.261 0.018 0.002 0.022 0.000 0.000 0.354
0.004 0.538 0.091 0.045 0.192 0.032 0.002 0.033 0.000 0.000 0.214
0.013 0.539 0.157 0.032 0.095 0.047 0.001 0.049 0.000 0.000 0.158
0.005 0.608 0.091 0.021 0.382 0.004 0.002 0.002 0.000 0.000 0.438
0.025 0.724 0.185 0.089 0.476 0.039 0.007 0.028 0.000 0.000 1.004
0.018 0.520 0.185 0.065 0.665 0.032 0.003 0.032 0.000 0.000 0.803
0.001 0.085 0.091 0.013 0.213 0.020 0.002 0.018 0.000 0.000 0.406
0.006 0.189 0.185 0.053 0.196 0.023 0.008 0.029 0.000 0.000 0.315
0.003 0.134 0.143 0.024 0.364 0.016 0.006 0.018 0.000 0.000 0.295
0.006 0.273 0.143 0.058 0.135 0.029 0.003 0.031 0.000 0.000 0.082
0.002 0.290 0.079 0.024 0.389 0.037 0.001 0.037 0.000 0.000 0.417
0.010 0.577 0.129 0.047 0.326 0.000 0.001 0.006 0.000 0.017 0.411
0.010 0.606 0.129 0.049 0.098 0.042 0.002 0.058 0.000 0.000 0.091
0.020 0.680 0.171 0.068 0.257 0.024 0.004 0.031 0.000 0.000 0.334
0.043 0.806 0.231 0.115 0.277 0.014 0.007 0.022 0.000 0.000 0.675
0.012 0.411 0.171 0.070 0.210 0.004 0.002 0.000 0.000 0.000 0.428
0.009 0.324 0.171 0.114 0.492 0.053 0.004 0.049 0.000 0.000 0.837
0.015 0.239 0.247 0.050 0.313 0.010 0.005 0.002 0.000 0.000 0.339
0.001 0.125 0.103 0.063 0.192 0.044 0.004 0.044 0.000 0.000 0.282
0.005 0.316 0.129 0.092 0.282 0.041 0.003 0.045 0.000 0.000 0.337
0.021 0.527 0.200 0.043 0.240 0.000 0.002 0.002 0.000 0.002 0.276
0.019 0.566 0.185 0.044 0.679 0.000 0.002 0.004 0.000 0.002 0.740
0.077 1.109 0.263 0.087 0.298 0.026 0.004 0.014 0.000 0.000 0.394
0.059 0.850 0.263 0.069 0.358 0.014 0.004 0.020 0.000 0.000 0.365
0.062 0.701 0.297 0.046 0.393 0.000 0.008 0.008 0.000 0.004 0.732
0.049 0.619 0.280 0.060 0.445 0.006 0.008 0.006 0.000 0.000 0.705
0.032 0.460 0.263 0.104 0.697 0.027 0.005 0.025 0.000 0.000 1.072
0.015 0.224 0.263 0.022 0.218 0.008 0.006 0.002 0.000 0.000 0.443
0.022 0.280 0.280 0.071 0.250 0.028 0.004 0.028 0.000 0.000 0.201
0.016 0.392 0.200 0.095 0.452 0.037 0.007 0.047 0.000 0.000 0.430
0.065 0.651 0.315 0.102 0.484 0.022 0.006 0.010 0.000 0.000 0.524
0.048 0.905 0.231 0.050 0.359 0.000 0.004 0.002 0.000 0.000 0.273
0.043 0.921 0.215 0.048 0.642 0.033 0.002 0.019 0.000 0.000 0.542
0.000 0.408 0.032 0.007 0.380 0.031 0.000 0.031 0.000 0.000 0.412
0.000 0.221 0.032 0.006 0.091 0.024 0.001 0.020 0.000 0.000 1.075
0.000 0.008 0.021 0.000 0.296 0.013 0.001 0.013 0.000 0.014 0.327
0.000 0.022 0.021 0.016 0.383 0.020 0.000 0.020 0.000 0.000 1.916
0.000 0.016 0.043 0.000 0.328 0.024 0.002 0.025 0.000 0.004 0.343
0.000 0.006 0.011 0.005 0.158 0.017 0.000 0.017 0.000 0.000 0.303
0.000 0.060 0.043 0.010 0.156 0.014 0.001 0.015 0.000 0.000 0.157
0.000 0.050 0.011 0.001 0.353 0.014 0.000 0.008 0.000 0.000 0.384
0.000 0.051 0.011 0.002 0.198 0.029 0.000 0.029 0.000 0.000 0.209
0.001 0.397 0.043 0.008 0.268 0.020 0.000 0.020 0.000 0.000 0.446
0.000 0.057 0.032 0.001 0.370 0.014 0.000 0.014 0.000 0.000 0.524
0.005 0.549 0.091 0.009 0.278 0.027 0.000 0.027 0.000 0.000 1.701
0.000 0.156 0.043 0.011 0.379 0.014 0.000 0.014 0.000 0.000 0.446
0.000 0.050 0.055 0.033 0.172 0.044 0.000 0.046 0.000 0.000 1.241
0.000 0.028 0.079 0.000 0.216 0.016 0.002 0.012 0.000 0.012 0.522
0.000 0.022 0.055 0.006 0.267 0.005 0.003 0.005 0.000 0.000 0.284
0.000 0.063 0.043 0.031 0.279 0.042 0.000 0.042 0.000 0.000 0.334
0.000 0.149 0.032 0.045 0.399 0.047 0.001 0.047 0.000 0.000 0.420
0.001 0.255 0.055 0.000 0.114 0.000 0.000 0.000 0.000 0.002 0.176
0.002 0.319 0.079 0.000 0.287 0.015 0.000 0.015 0.000 0.004 0.354
0.006 0.534 0.103 0.001 0.357 0.026 0.002 0.020 0.000 0.000 0.558
0.001 0.256 0.055 0.000 0.236 0.025 0.000 0.027 0.000 0.018 1.601
0.000 0.105 0.043 0.025 0.354 0.034 0.000 0.034 0.000 0.000 0.503
0.000 0.070 0.055 0.003 0.220 0.014 0.001 0.011 0.000 0.000 2.223
0.001 0.059 0.103 0.010 0.485 0.023 0.003 0.021 0.000 0.000 0.845
0.000 0.040 0.067 0.009 0.446 0.007 0.002 0.015 0.000 0.000 2.064
0.000 0.084 0.055 0.005 0.178 0.011 0.001 0.009 0.000 0.000 0.219
0.001 0.244 0.067 0.009 0.337 0.018 0.001 0.018 0.000 0.000 0.358
0.001 0.295 0.055 0.010 0.135 0.009 0.001 0.009 0.000 0.000 0.117
0.002 0.312 0.079 0.013 0.223 0.004 0.000 0.013 0.000 0.000 0.381
0.012 1.080 0.103 0.008 0.228 0.023 0.001 0.025 0.000 0.000 0.320
0.002 0.408 0.067 0.013 0.171 0.010 0.001 0.010 0.000 0.000 0.566
0.004 0.354 0.103 0.029 0.085 0.019 0.001 0.019 0.000 0.000 0.126
0.002 0.114 0.116 0.024 0.366 0.026 0.001 0.026 0.000 0.000 1.348
0.001 0.058 0.143 0.009 0.390 0.015 0.003 0.009 0.000 0.000 0.516
0.000 0.017 0.043 0.000 0.193 0.021 0.001 0.019 0.000 0.011 0.573
0.001 0.117 0.091 0.034 0.265 0.039 0.000 0.040 0.000 0.000 0.290
0.005 0.288 0.129 0.002 0.169 0.008 0.000 0.008 0.000 0.000 0.192
0.004 0.323 0.116 0.000 0.260 0.000 0.000 0.000 0.000 0.005 0.392
0.014 1.026 0.116 0.016 0.181 0.018 0.001 0.016 0.000 0.000 0.223
0.000 0.107 0.055 0.003 0.611 0.015 0.001 0.013 0.000 0.000 1.110
0.004 0.478 0.091 0.000 0.235 0.026 0.000 0.026 0.000 0.014 1.214
0.002 0.206 0.103 0.027 0.261 0.028 0.001 0.027 0.000 0.000 0.407
0.001 0.131 0.103 0.044 0.214 0.037 0.002 0.052 0.000 0.000 1.489
0.001 0.047 0.129 0.028 0.270 0.005 0.003 0.000 0.000 0.000 0.371
0.001 0.080 0.116 0.016 0.447 0.001 0.001 0.004 0.000 0.000 0.778
0.001 0.107 0.103 0.059 0.237 0.035 0.002 0.035 0.000 0.000 0.456
0.004 0.333 0.103 0.020 0.255 0.013 0.000 0.014 0.000 0.000 0.555
0.002 0.294 0.079 0.015 0.159 0.007 0.000 0.007 0.000 0.000 0.249
0.000 0.103 0.043 0.004 0.231 0.018 0.000 0.017 0.000 0.000 0.432
0.028 0.606 0.215 0.015 0.316 0.000 0.003 0.007 0.000 0.001 0.684
0.009 0.445 0.143 0.000 0.250 0.019 0.000 0.017 0.000 0.011 1.356
0.005 0.316 0.129 0.022 0.354 0.017 0.001 0.017 0.000 0.000 0.977
0.005 0.180 0.171 0.039 0.107 0.006 0.002 0.000 0.000 0.002 1.178
0.018 0.159 0.333 0.036 0.250 0.007 0.004 0.007 0.000 0.000 0.372
0.004 0.171 0.157 0.072 0.337 0.045 0.004 0.036 0.000 0.000 1.074
0.018 0.267 0.263 0.081 0.123 0.032 0.002 0.037 0.000 0.000 0.243
0.014 0.394 0.185 0.014 0.089 0.022 0.001 0.019 0.000 0.000 0.430
0.011 0.533 0.143 0.004 0.227 0.013 0.001 0.016 0.000 0.000 0.314
0.034 1.004 0.185 0.015 0.138 0.018 0.003 0.018 0.000 0.000 0.421
0.025 0.549 0.215 0.020 0.067 0.012 0.001 0.011 0.000 0.000 0.307
0.073 0.933 0.280 0.058 0.339 0.058 0.005 0.037 0.000 0.000 1.120
0.025 0.461 0.231 0.030 0.192 0.006 0.003 0.008 0.000 0.000 0.378
0.038 0.436 0.297 0.061 0.319 0.018 0.002 0.014 0.000 0.000 1.253
0.007 0.146 0.215 0.039 0.202 0.016 0.002 0.022 0.000 0.000 0.414
0.009 0.175 0.231 0.071 0.157 0.034 0.001 0.034 0.000 0.000 0.461
0.022 0.312 0.263 0.056 0.362 0.021 0.002 0.021 0.000 0.000 0.716
0.034 0.558 0.247 0.024 0.253 0.000 0.001 0.000 0.000 0.003 0.533
0.029 0.537 0.231 0.035 0.157 0.014 0.003 0.000 0.000 0.015 0.445
0.030 0.638 0.215 0.025 0.341 0.034 0.001 0.033 0.000 0.000 0.624