compute,10,20480,1,20,10,5,0
compute,10,20480,1,20,10,5,0
compute,10,20480,1,20,10,5,0
compute,10,20480,1,20,10,5,0
compute,10,20480,1,20,10,5,0
compute,10,20480,1,20,10,5,0
compute,10,2048,10,20,10,5,0
compute,10,2048,10,20,10,5,0
compute,10,2048,10,20,10,5,0
compute,10,2048,10,20,10,5,0
compute,10,2048,10,20,10,5,0
compute,10,2048,10,20,10,5,0
compute,10,2048,1,208,10,5,0
compute,10,2048,1,208,10,5,0
compute,10,2048,1,208,10,5,0
compute,10,2048,1,208,10,5,0
compute,10,2048,1,208,10,5,0
compute,10,2048,1,208,10,5,0
compute,10,2048,1,20,104,5,0
compute,10,2048,1,20,104,5,0
compute,10,2048,1,20,104,5,0
compute,10,2048,1,20,104,5,0
compute,10,2048,1,20,104,5,0
compute,10,2048,1,20,104,5,0
