compute,10,6144,3,60,30,5,0
compute,10,6144,3,60,30,5,0
compute,10,6144,3,60,30,5,0
compute,10,6144,3,60,30,5,0
compute,10,6144,3,60,30,5,0
compute,10,6144,3,60,30,5,0
compute,10,6144,3,60,30,5,0
compute,10,6144,3,60,30,5,0
compute,10,6144,3,60,30,5,0
compute,10,6144,3,60,30,5,0
compute,10,6144,3,60,30,5,0
compute,10,6144,3,60,30,5,0
compute,10,2048,1,20,10,5,0
compute,10,2048,1,20,10,5,0
compute,10,2048,1,20,10,5,0
compute,10,2048,1,20,10,5,0
compute,10,2048,1,20,10,5,0
compute,10,2048,1,20,10,5,0
compute,10,2048,1,20,10,5,0
compute,10,2048,1,20,10,5,0
compute,10,2048,1,20,10,5,0
compute,10,2048,1,20,10,5,0
compute,10,2048,1,20,10,5,0
compute,10,2048,1,20,10,5,0
