compute,10,12288,6,128,64,5,0
compute,10,12288,6,128,64,5,0
compute,10,12288,6,128,64,5,0
compute,10,12288,6,128,64,5,0
compute,10,12288,6,128,64,5,0
compute,10,12288,6,128,64,5,0
compute,10,12288,6,128,64,5,0
compute,10,12288,6,128,64,5,0
compute,10,12288,6,128,64,5,0
compute,10,12288,6,128,64,5,0
compute,10,12288,6,128,64,5,0
compute,10,12288,6,128,64,5,0
compute,10,10240,5,100,50,5,0
compute,10,10240,5,100,50,5,0
compute,10,10240,5,100,50,5,0
compute,10,10240,5,100,50,5,0
compute,10,10240,5,100,50,5,0
compute,10,10240,5,100,50,5,0
compute,10,10240,5,100,50,5,0
compute,10,10240,5,100,50,5,0
compute,10,10240,5,100,50,5,0
compute,10,10240,5,100,50,5,0
compute,10,10240,5,100,50,5,0
compute,10,10240,5,100,50,5,0
