compute,10,24576,10,208,104,5,0
compute,10,24576,10,208,104,5,0
compute,10,24576,10,208,104,5,0
compute,10,24576,10,208,104,5,0
compute,10,24576,10,208,104,5,0
compute,10,24576,10,208,104,5,0
compute,10,20480,12,208,104,5,0
compute,10,20480,12,208,104,5,0
compute,10,20480,12,208,104,5,0
compute,10,20480,12,208,104,5,0
compute,10,20480,12,208,104,5,0
compute,10,20480,12,208,104,5,0
compute,10,20480,10,256,104,5,0
compute,10,20480,10,256,104,5,0
compute,10,20480,10,256,104,5,0
compute,10,20480,10,256,104,5,0
compute,10,20480,10,256,104,5,0
compute,10,20480,10,256,104,5,0
compute,10,20480,10,208,128,5,0
compute,10,20480,10,208,128,5,0
compute,10,20480,10,208,128,5,0
compute,10,20480,10,208,128,5,0
compute,10,20480,10,208,128,5,0
compute,10,20480,10,208,128,5,0
