compute,10,20480,10,208,104,5,0
compute,10,20480,10,208,104,5,0
compute,10,20480,10,208,104,5,0
compute,10,20480,10,208,104,5,0
compute,10,20480,10,208,104,5,0
compute,10,20480,10,208,104,5,0
compute,10,20480,10,208,104,5,0
compute,10,20480,10,208,104,5,0
compute,10,20480,10,208,104,5,0
compute,10,20480,10,208,104,5,0
compute,10,20480,10,208,104,5,0
compute,10,20480,10,208,104,5,0
compute,10,2048,1,20,10,5,0
compute,10,2048,1,20,10,5,0
compute,10,2048,1,20,10,5,0
compute,10,2048,1,20,10,5,0
compute,10,2048,1,20,10,5,0
compute,10,2048,1,20,10,5,0
compute,10,2048,1,20,10,5,0
compute,10,2048,1,20,10,5,0
compute,10,2048,1,20,10,5,0
compute,10,2048,1,20,10,5,0
compute,10,2048,1,20,10,5,0
compute,10,2048,1,20,10,5,0
