compute,10,12288,1,20,10,5,0
compute,10,12288,1,20,10,5,0
compute,10,12288,1,20,10,5,0
compute,10,12288,1,20,10,5,0
compute,10,12288,1,20,10,5,0
compute,10,12288,1,20,10,5,0
compute,10,2048,6,20,10,5,0
compute,10,2048,6,20,10,5,0
compute,10,2048,6,20,10,5,0
compute,10,2048,6,20,10,5,0
compute,10,2048,6,20,10,5,0
compute,10,2048,6,20,10,5,0
compute,10,12288,1,20,10,5,0
compute,10,12288,1,20,10,5,0
compute,10,12288,1,20,10,5,0
compute,10,12288,1,20,10,5,0
compute,10,12288,1,20,10,5,0
compute,10,12288,1,20,10,5,0
compute,10,2048,6,20,10,5,0
compute,10,2048,6,20,10,5,0
compute,10,2048,6,20,10,5,0
compute,10,2048,6,20,10,5,0
compute,10,2048,6,20,10,5,0
compute,10,2048,6,20,10,5,0