compute,10,1024,1,20,10,5,0
compute,10,1024,1,20,10,5,0
compute,10,1024,1,20,10,5,0
compute,10,1024,1,20,10,5,0
compute,10,1024,1,20,10,5,0
compute,10,1024,1,20,10,5,0
compute,10,1024,1,20,10,5,0
compute,10,1024,1,20,10,5,0
compute,10,1024,1,20,10,5,0
compute,10,1024,1,20,10,5,0
compute,10,1024,1,20,10,5,0
compute,10,1024,1,20,10,5,0
compute,10,12288,1,20,10,5,0
compute,10,12288,1,20,10,5,0
compute,10,12288,1,20,10,5,0
compute,10,12288,1,20,10,5,0
compute,10,12288,1,20,10,5,0
compute,10,12288,1,20,10,5,0
compute,10,12288,1,20,10,5,0
compute,10,12288,1,20,10,5,0
compute,10,12288,1,20,10,5,0
compute,10,12288,1,20,10,5,0
compute,10,12288,1,20,10,5,0
compute,10,12288,1,20,10,5,0