compute,10,2048,1,20,10,5,0
compute,10,2048,1,20,10,5,0
compute,10,2048,1,20,10,5,0
compute,10,2048,1,20,10,5,0
compute,10,2048,1,20,10,5,0
compute,10,2048,1,20,10,5,0
compute,10,2048,1,20,10,5,0
compute,10,2048,1,20,10,5,0
compute,10,2048,1,20,10,5,0
compute,10,2048,1,20,10,5,0
compute,10,2048,1,20,10,5,0
compute,10,2048,1,20,10,5,0
compute,10,2048,1,20,10,5,0
compute,10,2048,1,20,10,5,0
compute,10,2048,1,20,10,5,0
compute,10,2048,1,20,10,5,0
compute,10,2048,1,20,10,5,0
compute,10,2048,1,20,10,5,0
compute,10,2048,1,20,10,5,0
compute,10,2048,1,20,10,5,0
compute,10,2048,1,20,10,5,0
compute,10,2048,1,20,10,5,0
compute,10,2048,1,20,10,5,0
compute,10,2048,1,20,10,5,0
compute,10,2048,1,20,10,5,0
compute,10,2048,1,20,10,5,0
compute,10,2048,1,20,10,5,0
compute,10,2048,1,20,10,5,0
compute,10,2048,1,20,10,5,0
compute,10,2048,1,20,10,5,0
compute,10,12288,1,20,10,5,0
compute,10,12288,1,20,10,5,0
compute,10,12288,1,20,10,5,0
compute,10,12288,1,20,10,5,0
compute,10,12288,1,20,10,5,0
compute,10,12288,1,20,10,5,0
compute,10,12288,1,20,10,5,0
compute,10,12288,1,20,10,5,0
compute,10,12288,1,20,10,5,0
compute,10,12288,1,20,10,5,0
compute,10,12288,1,20,10,5,0
compute,10,12288,1,20,10,5,0
compute,10,12288,1,20,10,5,0
compute,10,12288,1,20,10,5,0
compute,10,12288,1,20,10,5,0
compute,10,12288,1,20,10,5,0
compute,10,12288,1,20,10,5,0
compute,10,12288,1,20,10,5,0
compute,10,12288,1,20,10,5,0
compute,10,12288,1,20,10,5,0
compute,10,12288,1,20,10,5,0
compute,10,12288,1,20,10,5,0
compute,10,12288,1,20,10,5,0
compute,10,12288,1,20,10,5,0
compute,10,12288,1,20,10,5,0
compute,10,12288,1,20,10,5,0
compute,10,12288,1,20,10,5,0
compute,10,12288,1,20,10,5,0
compute,10,12288,1,20,10,5,0
compute,10,12288,1,20,10,5,0
compute,10,12288,1,20,10,5,60
compute,10,12288,1,20,10,5,60
compute,10,12288,1,20,10,5,60
compute,10,12288,1,20,10,5,60
compute,10,12288,1,20,10,5,60
compute,10,12288,1,20,10,5,60
compute,10,12288,1,20,10,5,60
compute,10,12288,1,20,10,5,60
compute,10,12288,1,20,10,5,60
compute,10,12288,1,20,10,5,60
compute,10,2048,6,20,10,5,60
compute,10,2048,6,20,10,5,60
compute,10,2048,6,20,10,5,60
compute,10,2048,6,20,10,5,60
compute,10,2048,6,20,10,5,60
compute,10,2048,6,20,10,5,60
compute,10,2048,6,20,10,5,60
compute,10,2048,6,20,10,5,60
compute,10,2048,6,20,10,5,60
compute,10,2048,6,20,10,5,60
compute,10,2048,1,128,10,5,60
compute,10,2048,1,128,10,5,60
compute,10,2048,1,128,10,5,60
compute,10,2048,1,128,10,5,60
compute,10,2048,1,128,10,5,60
compute,10,2048,1,128,10,5,60
compute,10,2048,1,128,10,5,60
compute,10,2048,1,128,10,5,60
compute,10,2048,1,128,10,5,60
compute,10,2048,1,128,10,5,60
compute,10,2048,1,20,64,5,60
compute,10,2048,1,20,64,5,60
compute,10,2048,1,20,64,5,60
compute,10,2048,1,20,64,5,60
compute,10,2048,1,20,64,5,60
compute,10,2048,1,20,64,5,60
compute,10,2048,1,20,64,5,60
compute,10,2048,1,20,64,5,60
compute,10,2048,1,20,64,5,60
compute,10,2048,1,20,64,5,60
