compute,10,18432,1,20,10,5,0
compute,10,18432,1,20,10,5,0
compute,10,18432,1,20,10,5,0
compute,10,18432,1,20,10,5,0
compute,10,18432,1,20,10,5,0
compute,10,18432,1,20,10,5,0
compute,10,2048,9,20,10,5,0
compute,10,2048,9,20,10,5,0
compute,10,2048,9,20,10,5,0
compute,10,2048,9,20,10,5,0
compute,10,2048,9,20,10,5,0
compute,10,2048,9,20,10,5,0
compute,10,2048,1,188,10,5,0
compute,10,2048,1,188,10,5,0
compute,10,2048,1,188,10,5,0
compute,10,2048,1,188,10,5,0
compute,10,2048,1,188,10,5,0
compute,10,2048,1,188,10,5,0
compute,10,2048,1,20,94,5,0
compute,10,2048,1,20,94,5,0
compute,10,2048,1,20,94,5,0
compute,10,2048,1,20,94,5,0
compute,10,2048,1,20,94,5,0
compute,10,2048,1,20,94,5,0
