compute,10,20480,1,20,10,5,0
compute,10,20480,1,20,10,5,0
compute,10,20480,1,20,10,5,0
compute,10,20480,1,20,10,5,0
compute,10,20480,1,20,10,5,0
compute,10,20480,1,20,10,5,0
compute,10,2048,10,20,10,5,0
compute,10,2048,10,20,10,5,0
compute,10,2048,10,20,10,5,0
compute,10,2048,10,20,10,5,0
compute,10,2048,10,20,10,5,0
compute,10,2048,10,20,10,5,0
compute,10,2048,1,208,10,5,0
compute,10,2048,1,208,10,5,0
compute,10,2048,1,208,10,5,0
compute,10,2048,1,208,10,5,0
compute,10,2048,1,208,10,5,0
compute,10,2048,1,208,10,5,0
compute,10,2048,1,20,104,5,0
compute,10,2048,1,20,104,5,0
compute,10,2048,1,20,104,5,0
compute,10,2048,1,20,104,5,0
compute,10,2048,1,20,104,5,0
compute,10,2048,1,20,104,5,0
compute,10,12288,1,20,10,5,0
compute,10,12288,1,20,10,5,0
compute,10,12288,1,20,10,5,0
compute,10,12288,1,20,10,5,0
compute,10,12288,1,20,10,5,0
compute,10,12288,1,20,10,5,0
compute,10,2048,6,20,10,5,0
compute,10,2048,6,20,10,5,0
compute,10,2048,6,20,10,5,0
compute,10,2048,6,20,10,5,0
compute,10,2048,6,20,10,5,0
compute,10,2048,6,20,10,5,0
compute,10,2048,1,128,10,5,0
compute,10,2048,1,128,10,5,0
compute,10,2048,1,128,10,5,0
compute,10,2048,1,128,10,5,0
compute,10,2048,1,128,10,5,0
compute,10,2048,1,128,10,5,0
compute,10,2048,1,20,64,5,0
compute,10,2048,1,20,64,5,0
compute,10,2048,1,20,64,5,0
compute,10,2048,1,20,64,5,0
compute,10,2048,1,20,64,5,0
compute,10,2048,1,20,64,5,0
