compute,10,24576,5,100,50,5,0
compute,10,24576,5,100,50,5,0
compute,10,24576,5,100,50,5,0
compute,10,24576,5,100,50,5,0
compute,10,24576,5,100,50,5,0
compute,10,24576,5,100,50,5,0
compute,10,10240,12,100,50,5,0
compute,10,10240,12,100,50,5,0
compute,10,10240,12,100,50,5,0
compute,10,10240,12,100,50,5,0
compute,10,10240,12,100,50,5,0
compute,10,10240,12,100,50,5,0
compute,10,10240,5,256,50,5,0
compute,10,10240,5,256,50,5,0
compute,10,10240,5,256,50,5,0
compute,10,10240,5,256,50,5,0
compute,10,10240,5,256,50,5,0
compute,10,10240,5,256,50,5,0
compute,10,10240,5,100,128,5,0
compute,10,10240,5,100,128,5,0
compute,10,10240,5,100,128,5,0
compute,10,10240,5,100,128,5,0
compute,10,10240,5,100,128,5,0
compute,10,10240,5,100,128,5,0
