compute,10,18432,4,80,40,5,0
compute,10,18432,4,80,40,5,0
compute,10,18432,4,80,40,5,0
compute,10,18432,4,80,40,5,0
compute,10,18432,4,80,40,5,0
compute,10,18432,4,80,40,5,0
compute,10,8192,9,80,40,5,0
compute,10,8192,9,80,40,5,0
compute,10,8192,9,80,40,5,0
compute,10,8192,9,80,40,5,0
compute,10,8192,9,80,40,5,0
compute,10,8192,9,80,40,5,0
compute,10,8192,4,188,40,5,0
compute,10,8192,4,188,40,5,0
compute,10,8192,4,188,40,5,0
compute,10,8192,4,188,40,5,0
compute,10,8192,4,188,40,5,0
compute,10,8192,4,188,40,5,0
compute,10,8192,4,80,94,5,0
compute,10,8192,4,80,94,5,0
compute,10,8192,4,80,94,5,0
compute,10,8192,4,80,94,5,0
compute,10,8192,4,80,94,5,0
compute,10,8192,4,80,94,5,0
