compute,10,24576,8,168,84,5,0
compute,10,24576,8,168,84,5,0
compute,10,24576,8,168,84,5,0
compute,10,24576,8,168,84,5,0
compute,10,24576,8,168,84,5,0
compute,10,24576,8,168,84,5,0
compute,10,24576,8,168,84,5,0
compute,10,24576,8,168,84,5,0
compute,10,24576,8,168,84,5,0
compute,10,24576,8,168,84,5,0
compute,10,24576,8,168,84,5,0
compute,10,24576,8,168,84,5,0
compute,10,16384,8,168,84,5,0
compute,10,16384,8,168,84,5,0
compute,10,16384,8,168,84,5,0
compute,10,16384,8,168,84,5,0
compute,10,16384,8,168,84,5,0
compute,10,16384,8,168,84,5,0
compute,10,16384,8,168,84,5,0
compute,10,16384,8,168,84,5,0
compute,10,16384,8,168,84,5,0
compute,10,16384,8,168,84,5,0
compute,10,16384,8,168,84,5,0
compute,10,16384,8,168,84,5,0
