compute,10,10240,4,80,40,5,0
compute,10,10240,4,80,40,5,0
compute,10,10240,4,80,40,5,0
compute,10,10240,4,80,40,5,0
compute,10,10240,4,80,40,5,0
compute,10,10240,4,80,40,5,0
compute,10,10240,4,80,40,5,0
compute,10,10240,4,80,40,5,0
compute,10,10240,4,80,40,5,0
compute,10,10240,4,80,40,5,0
compute,10,10240,4,80,40,5,0
compute,10,10240,4,80,40,5,0
compute,10,8192,4,80,40,5,0
compute,10,8192,4,80,40,5,0
compute,10,8192,4,80,40,5,0
compute,10,8192,4,80,40,5,0
compute,10,8192,4,80,40,5,0
compute,10,8192,4,80,40,5,0
compute,10,8192,4,80,40,5,0
compute,10,8192,4,80,40,5,0
compute,10,8192,4,80,40,5,0
compute,10,8192,4,80,40,5,0
compute,10,8192,4,80,40,5,0
compute,10,8192,4,80,40,5,0
