compute,10,10240,3,60,30,5,0
compute,10,10240,3,60,30,5,0
compute,10,10240,3,60,30,5,0
compute,10,10240,3,60,30,5,0
compute,10,10240,3,60,30,5,0
compute,10,10240,3,60,30,5,0
compute,10,10240,3,60,30,5,0
compute,10,10240,3,60,30,5,0
compute,10,10240,3,60,30,5,0
compute,10,10240,3,60,30,5,0
compute,10,10240,3,60,30,5,0
compute,10,10240,3,60,30,5,0
compute,10,6144,3,60,30,5,0
compute,10,6144,3,60,30,5,0
compute,10,6144,3,60,30,5,0
compute,10,6144,3,60,30,5,0
compute,10,6144,3,60,30,5,0
compute,10,6144,3,60,30,5,0
compute,10,6144,3,60,30,5,0
compute,10,6144,3,60,30,5,0
compute,10,6144,3,60,30,5,0
compute,10,6144,3,60,30,5,0
compute,10,6144,3,60,30,5,0
compute,10,6144,3,60,30,5,0
