compute,10,12288,3,60,30,5,0
compute,10,12288,3,60,30,5,0
compute,10,12288,3,60,30,5,0
compute,10,12288,3,60,30,5,0
compute,10,12288,3,60,30,5,0
compute,10,12288,3,60,30,5,0
compute,10,12288,3,60,30,5,0
compute,10,12288,3,60,30,5,0
compute,10,12288,3,60,30,5,0
compute,10,12288,3,60,30,5,0
compute,10,12288,3,60,30,5,0
compute,10,12288,3,60,30,5,0
compute,10,6144,3,60,30,5,0
compute,10,6144,3,60,30,5,0
compute,10,6144,3,60,30,5,0
compute,10,6144,3,60,30,5,0
compute,10,6144,3,60,30,5,0
compute,10,6144,3,60,30,5,0
compute,10,6144,3,60,30,5,0
compute,10,6144,3,60,30,5,0
compute,10,6144,3,60,30,5,0
compute,10,6144,3,60,30,5,0
compute,10,6144,3,60,30,5,0
compute,10,6144,3,60,30,5,0
