compute,10,24576,12,256,40,5,0
compute,10,24576,12,256,40,5,0
compute,10,24576,12,256,40,5,0
compute,10,24576,12,256,40,5,0
compute,10,24576,12,256,40,5,0
compute,10,24576,12,256,40,5,0
compute,10,24576,12,80,128,5,0
compute,10,24576,12,80,128,5,0
compute,10,24576,12,80,128,5,0
compute,10,24576,12,80,128,5,0
compute,10,24576,12,80,128,5,0
compute,10,24576,12,80,128,5,0
compute,10,24576,4,256,128,5,0
compute,10,24576,4,256,128,5,0
compute,10,24576,4,256,128,5,0
compute,10,24576,4,256,128,5,0
compute,10,24576,4,256,128,5,0
compute,10,24576,4,256,128,5,0
compute,10,8192,12,256,128,5,0
compute,10,8192,12,256,128,5,0
compute,10,8192,12,256,128,5,0
compute,10,8192,12,256,128,5,0
compute,10,8192,12,256,128,5,0
compute,10,8192,12,256,128,5,0
