compute,10,12288,6,128,30,5,0
compute,10,12288,6,128,30,5,0
compute,10,12288,6,128,30,5,0
compute,10,12288,6,128,30,5,0
compute,10,12288,6,128,30,5,0
compute,10,12288,6,128,30,5,0
compute,10,12288,6,60,64,5,0
compute,10,12288,6,60,64,5,0
compute,10,12288,6,60,64,5,0
compute,10,12288,6,60,64,5,0
compute,10,12288,6,60,64,5,0
compute,10,12288,6,60,64,5,0
compute,10,12288,3,128,64,5,0
compute,10,12288,3,128,64,5,0
compute,10,12288,3,128,64,5,0
compute,10,12288,3,128,64,5,0
compute,10,12288,3,128,64,5,0
compute,10,12288,3,128,64,5,0
compute,10,6144,6,128,64,5,0
compute,10,6144,6,128,64,5,0
compute,10,6144,6,128,64,5,0
compute,10,6144,6,128,64,5,0
compute,10,6144,6,128,64,5,0
compute,10,6144,6,128,64,5,0
