compute,10,16384,8,168,10,5,0
compute,10,16384,8,168,10,5,0
compute,10,16384,8,168,10,5,0
compute,10,16384,8,168,10,5,0
compute,10,16384,8,168,10,5,0
compute,10,16384,8,168,10,5,0
compute,10,16384,8,20,84,5,0
compute,10,16384,8,20,84,5,0
compute,10,16384,8,20,84,5,0
compute,10,16384,8,20,84,5,0
compute,10,16384,8,20,84,5,0
compute,10,16384,8,20,84,5,0
compute,10,16384,1,168,84,5,0
compute,10,16384,1,168,84,5,0
compute,10,16384,1,168,84,5,0
compute,10,16384,1,168,84,5,0
compute,10,16384,1,168,84,5,0
compute,10,16384,1,168,84,5,0
compute,10,2048,8,168,84,5,0
compute,10,2048,8,168,84,5,0
compute,10,2048,8,168,84,5,0
compute,10,2048,8,168,84,5,0
compute,10,2048,8,168,84,5,0
compute,10,2048,8,168,84,5,0
