compute,10,20480,3,60,30,5,0
compute,10,20480,3,60,30,5,0
compute,10,20480,3,60,30,5,0
compute,10,20480,3,60,30,5,0
compute,10,20480,3,60,30,5,0
compute,10,20480,3,60,30,5,0
compute,10,20480,3,60,30,5,0
compute,10,20480,3,60,30,5,0
compute,10,6144,10,60,30,5,0
compute,10,6144,10,60,30,5,0
compute,10,6144,10,60,30,5,0
compute,10,6144,10,60,30,5,0
compute,10,6144,10,60,30,5,0
compute,10,6144,10,60,30,5,0
compute,10,6144,10,60,30,5,0
compute,10,6144,10,60,30,5,0
compute,10,6144,3,208,30,5,0
compute,10,6144,3,208,30,5,0
compute,10,6144,3,208,30,5,0
compute,10,6144,3,208,30,5,0
compute,10,6144,3,208,30,5,0
compute,10,6144,3,208,30,5,0
compute,10,6144,3,208,30,5,0
compute,10,6144,3,208,30,5,0
