compute,10,10240,8,168,84,5,0
compute,10,10240,8,168,84,5,0
compute,10,10240,8,168,84,5,0
compute,10,10240,8,168,84,5,0
compute,10,10240,8,168,84,5,0
compute,10,10240,8,168,84,5,0
compute,10,10240,8,168,84,5,0
compute,10,10240,8,168,84,5,0
compute,10,16384,5,168,84,5,0
compute,10,16384,5,168,84,5,0
compute,10,16384,5,168,84,5,0
compute,10,16384,5,168,84,5,0
compute,10,16384,5,168,84,5,0
compute,10,16384,5,168,84,5,0
compute,10,16384,5,168,84,5,0
compute,10,16384,5,168,84,5,0
compute,10,16384,8,100,84,5,0
compute,10,16384,8,100,84,5,0
compute,10,16384,8,100,84,5,0
compute,10,16384,8,100,84,5,0
compute,10,16384,8,100,84,5,0
compute,10,16384,8,100,84,5,0
compute,10,16384,8,100,84,5,0
compute,10,16384,8,100,84,5,0
