compute,10,22528,11,228,10,5,0
compute,10,22528,11,228,10,5,0
compute,10,22528,11,228,10,5,0
compute,10,22528,11,228,10,5,0
compute,10,22528,11,228,10,5,0
compute,10,22528,11,228,10,5,0
compute,10,22528,11,20,114,5,0
compute,10,22528,11,20,114,5,0
compute,10,22528,11,20,114,5,0
compute,10,22528,11,20,114,5,0
compute,10,22528,11,20,114,5,0
compute,10,22528,11,20,114,5,0
compute,10,22528,1,228,114,5,0
compute,10,22528,1,228,114,5,0
compute,10,22528,1,228,114,5,0
compute,10,22528,1,228,114,5,0
compute,10,22528,1,228,114,5,0
compute,10,22528,1,228,114,5,0
compute,10,2048,11,228,114,5,0
compute,10,2048,11,228,114,5,0
compute,10,2048,11,228,114,5,0
compute,10,2048,11,228,114,5,0
compute,10,2048,11,228,114,5,0
compute,10,2048,11,228,114,5,0
