compute,10,22528,1,20,10,5,0
compute,10,22528,1,20,10,5,0
compute,10,22528,1,20,10,5,0
compute,10,22528,1,20,10,5,0
compute,10,22528,1,20,10,5,0
compute,10,22528,1,20,10,5,0
compute,10,22528,1,20,10,5,0
compute,10,22528,1,20,10,5,0
compute,10,2048,11,20,10,5,0
compute,10,2048,11,20,10,5,0
compute,10,2048,11,20,10,5,0
compute,10,2048,11,20,10,5,0
compute,10,2048,11,20,10,5,0
compute,10,2048,11,20,10,5,0
compute,10,2048,11,20,10,5,0
compute,10,2048,11,20,10,5,0
compute,10,2048,1,228,10,5,0
compute,10,2048,1,228,10,5,0
compute,10,2048,1,228,10,5,0
compute,10,2048,1,228,10,5,0
compute,10,2048,1,228,10,5,0
compute,10,2048,1,228,10,5,0
compute,10,2048,1,228,10,5,0
compute,10,2048,1,228,10,5,0
