compute,10,4096,2,40,10,5,0
compute,10,4096,2,40,10,5,0
compute,10,4096,2,40,10,5,0
compute,10,4096,2,40,10,5,0
compute,10,4096,2,40,10,5,0
compute,10,4096,2,40,10,5,0
compute,10,4096,2,20,20,5,0
compute,10,4096,2,20,20,5,0
compute,10,4096,2,20,20,5,0
compute,10,4096,2,20,20,5,0
compute,10,4096,2,20,20,5,0
compute,10,4096,2,20,20,5,0
compute,10,4096,1,40,20,5,0
compute,10,4096,1,40,20,5,0
compute,10,4096,1,40,20,5,0
compute,10,4096,1,40,20,5,0
compute,10,4096,1,40,20,5,0
compute,10,4096,1,40,20,5,0
compute,10,2048,2,40,20,5,0
compute,10,2048,2,40,20,5,0
compute,10,2048,2,40,20,5,0
compute,10,2048,2,40,20,5,0
compute,10,2048,2,40,20,5,0
compute,10,2048,2,40,20,5,0
