compute,10,14336,7,148,30,5,0
compute,10,14336,7,148,30,5,0
compute,10,14336,7,148,30,5,0
compute,10,14336,7,148,30,5,0
compute,10,14336,7,148,30,5,0
compute,10,14336,7,148,30,5,0
compute,10,14336,7,60,74,5,0
compute,10,14336,7,60,74,5,0
compute,10,14336,7,60,74,5,0
compute,10,14336,7,60,74,5,0
compute,10,14336,7,60,74,5,0
compute,10,14336,7,60,74,5,0
compute,10,14336,3,148,74,5,0
compute,10,14336,3,148,74,5,0
compute,10,14336,3,148,74,5,0
compute,10,14336,3,148,74,5,0
compute,10,14336,3,148,74,5,0
compute,10,14336,3,148,74,5,0
compute,10,6144,7,148,74,5,0
compute,10,6144,7,148,74,5,0
compute,10,6144,7,148,74,5,0
compute,10,6144,7,148,74,5,0
compute,10,6144,7,148,74,5,0
compute,10,6144,7,148,74,5,0
