compute,10,8192,2,40,20,5,0
compute,10,8192,2,40,20,5,0
compute,10,8192,2,40,20,5,0
compute,10,8192,2,40,20,5,0
compute,10,8192,2,40,20,5,0
compute,10,8192,2,40,20,5,0
compute,10,8192,2,40,20,5,0
compute,10,8192,2,40,20,5,0
compute,10,4096,4,40,20,5,0
compute,10,4096,4,40,20,5,0
compute,10,4096,4,40,20,5,0
compute,10,4096,4,40,20,5,0
compute,10,4096,4,40,20,5,0
compute,10,4096,4,40,20,5,0
compute,10,4096,4,40,20,5,0
compute,10,4096,4,40,20,5,0
compute,10,4096,2,80,20,5,0
compute,10,4096,2,80,20,5,0
compute,10,4096,2,80,20,5,0
compute,10,4096,2,80,20,5,0
compute,10,4096,2,80,20,5,0
compute,10,4096,2,80,20,5,0
compute,10,4096,2,80,20,5,0
compute,10,4096,2,80,20,5,0
