compute,10,20480,10,208,10,5,0
compute,10,20480,10,208,10,5,0
compute,10,20480,10,208,10,5,0
compute,10,20480,10,208,10,5,0
compute,10,20480,10,208,10,5,0
compute,10,20480,10,208,10,5,0
compute,10,20480,10,20,104,5,0
compute,10,20480,10,20,104,5,0
compute,10,20480,10,20,104,5,0
compute,10,20480,10,20,104,5,0
compute,10,20480,10,20,104,5,0
compute,10,20480,10,20,104,5,0
compute,10,20480,1,208,104,5,0
compute,10,20480,1,208,104,5,0
compute,10,20480,1,208,104,5,0
compute,10,20480,1,208,104,5,0
compute,10,20480,1,208,104,5,0
compute,10,20480,1,208,104,5,0
compute,10,2048,10,208,104,5,0
compute,10,2048,10,208,104,5,0
compute,10,2048,10,208,104,5,0
compute,10,2048,10,208,104,5,0
compute,10,2048,10,208,104,5,0
compute,10,2048,10,208,104,5,0
