compute,10,24576,3,60,30,5,0
compute,10,24576,3,60,30,5,0
compute,10,24576,3,60,30,5,0
compute,10,24576,3,60,30,5,0
compute,10,24576,3,60,30,5,0
compute,10,24576,3,60,30,5,0
compute,10,24576,3,60,30,5,0
compute,10,24576,3,60,30,5,0
compute,10,6144,12,60,30,5,0
compute,10,6144,12,60,30,5,0
compute,10,6144,12,60,30,5,0
compute,10,6144,12,60,30,5,0
compute,10,6144,12,60,30,5,0
compute,10,6144,12,60,30,5,0
compute,10,6144,12,60,30,5,0
compute,10,6144,12,60,30,5,0
compute,10,6144,3,256,30,5,0
compute,10,6144,3,256,30,5,0
compute,10,6144,3,256,30,5,0
compute,10,6144,3,256,30,5,0
compute,10,6144,3,256,30,5,0
compute,10,6144,3,256,30,5,0
compute,10,6144,3,256,30,5,0
compute,10,6144,3,256,30,5,0
