compute,10,14336,7,148,40,5,0
compute,10,14336,7,148,40,5,0
compute,10,14336,7,148,40,5,0
compute,10,14336,7,148,40,5,0
compute,10,14336,7,148,40,5,0
compute,10,14336,7,148,40,5,0
compute,10,14336,7,80,74,5,0
compute,10,14336,7,80,74,5,0
compute,10,14336,7,80,74,5,0
compute,10,14336,7,80,74,5,0
compute,10,14336,7,80,74,5,0
compute,10,14336,7,80,74,5,0
compute,10,14336,4,148,74,5,0
compute,10,14336,4,148,74,5,0
compute,10,14336,4,148,74,5,0
compute,10,14336,4,148,74,5,0
compute,10,14336,4,148,74,5,0
compute,10,14336,4,148,74,5,0
compute,10,8192,7,148,74,5,0
compute,10,8192,7,148,74,5,0
compute,10,8192,7,148,74,5,0
compute,10,8192,7,148,74,5,0
compute,10,8192,7,148,74,5,0
compute,10,8192,7,148,74,5,0
