compute,10,24576,2,40,20,5,0
compute,10,24576,2,40,20,5,0
compute,10,24576,2,40,20,5,0
compute,10,24576,2,40,20,5,0
compute,10,24576,2,40,20,5,0
compute,10,24576,2,40,20,5,0
compute,10,24576,2,40,20,5,0
compute,10,24576,2,40,20,5,0
compute,10,4096,12,40,20,5,0
compute,10,4096,12,40,20,5,0
compute,10,4096,12,40,20,5,0
compute,10,4096,12,40,20,5,0
compute,10,4096,12,40,20,5,0
compute,10,4096,12,40,20,5,0
compute,10,4096,12,40,20,5,0
compute,10,4096,12,40,20,5,0
compute,10,4096,2,256,20,5,0
compute,10,4096,2,256,20,5,0
compute,10,4096,2,256,20,5,0
compute,10,4096,2,256,20,5,0
compute,10,4096,2,256,20,5,0
compute,10,4096,2,256,20,5,0
compute,10,4096,2,256,20,5,0
compute,10,4096,2,256,20,5,0
