compute,10,12288,6,128,20,5,0
compute,10,12288,6,128,20,5,0
compute,10,12288,6,128,20,5,0
compute,10,12288,6,128,20,5,0
compute,10,12288,6,128,20,5,0
compute,10,12288,6,128,20,5,0
compute,10,12288,6,40,64,5,0
compute,10,12288,6,40,64,5,0
compute,10,12288,6,40,64,5,0
compute,10,12288,6,40,64,5,0
compute,10,12288,6,40,64,5,0
compute,10,12288,6,40,64,5,0
compute,10,12288,2,128,64,5,0
compute,10,12288,2,128,64,5,0
compute,10,12288,2,128,64,5,0
compute,10,12288,2,128,64,5,0
compute,10,12288,2,128,64,5,0
compute,10,12288,2,128,64,5,0
compute,10,4096,6,128,64,5,0
compute,10,4096,6,128,64,5,0
compute,10,4096,6,128,64,5,0
compute,10,4096,6,128,64,5,0
compute,10,4096,6,128,64,5,0
compute,10,4096,6,128,64,5,0
