compute,10,24576,12,256,94,5,0
compute,10,24576,12,256,94,5,0
compute,10,24576,12,256,94,5,0
compute,10,24576,12,256,94,5,0
compute,10,24576,12,256,94,5,0
compute,10,24576,12,256,94,5,0
compute,10,24576,12,188,128,5,0
compute,10,24576,12,188,128,5,0
compute,10,24576,12,188,128,5,0
compute,10,24576,12,188,128,5,0
compute,10,24576,12,188,128,5,0
compute,10,24576,12,188,128,5,0
compute,10,24576,9,256,128,5,0
compute,10,24576,9,256,128,5,0
compute,10,24576,9,256,128,5,0
compute,10,24576,9,256,128,5,0
compute,10,24576,9,256,128,5,0
compute,10,24576,9,256,128,5,0
compute,10,18432,12,256,128,5,0
compute,10,18432,12,256,128,5,0
compute,10,18432,12,256,128,5,0
compute,10,18432,12,256,128,5,0
compute,10,18432,12,256,128,5,0
compute,10,18432,12,256,128,5,0
