compute,10,14336,7,148,20,5,0
compute,10,14336,7,148,20,5,0
compute,10,14336,7,148,20,5,0
compute,10,14336,7,148,20,5,0
compute,10,14336,7,148,20,5,0
compute,10,14336,7,148,20,5,0
compute,10,14336,7,40,74,5,0
compute,10,14336,7,40,74,5,0
compute,10,14336,7,40,74,5,0
compute,10,14336,7,40,74,5,0
compute,10,14336,7,40,74,5,0
compute,10,14336,7,40,74,5,0
compute,10,14336,2,148,74,5,0
compute,10,14336,2,148,74,5,0
compute,10,14336,2,148,74,5,0
compute,10,14336,2,148,74,5,0
compute,10,14336,2,148,74,5,0
compute,10,14336,2,148,74,5,0
compute,10,4096,7,148,74,5,0
compute,10,4096,7,148,74,5,0
compute,10,4096,7,148,74,5,0
compute,10,4096,7,148,74,5,0
compute,10,4096,7,148,74,5,0
compute,10,4096,7,148,74,5,0
