compute,10,24576,4,80,40,5,0
compute,10,24576,4,80,40,5,0
compute,10,24576,4,80,40,5,0
compute,10,24576,4,80,40,5,0
compute,10,24576,4,80,40,5,0
compute,10,24576,4,80,40,5,0
compute,10,24576,4,80,40,5,0
compute,10,24576,4,80,40,5,0
compute,10,8192,12,80,40,5,0
compute,10,8192,12,80,40,5,0
compute,10,8192,12,80,40,5,0
compute,10,8192,12,80,40,5,0
compute,10,8192,12,80,40,5,0
compute,10,8192,12,80,40,5,0
compute,10,8192,12,80,40,5,0
compute,10,8192,12,80,40,5,0
compute,10,8192,4,256,40,5,0
compute,10,8192,4,256,40,5,0
compute,10,8192,4,256,40,5,0
compute,10,8192,4,256,40,5,0
compute,10,8192,4,256,40,5,0
compute,10,8192,4,256,40,5,0
compute,10,8192,4,256,40,5,0
compute,10,8192,4,256,40,5,0
