compute,10,8192,5,100,50,5,0
compute,10,8192,5,100,50,5,0
compute,10,8192,5,100,50,5,0
compute,10,8192,5,100,50,5,0
compute,10,8192,5,100,50,5,0
compute,10,8192,5,100,50,5,0
compute,10,8192,5,100,50,5,0
compute,10,8192,5,100,50,5,0
compute,10,10240,4,100,50,5,0
compute,10,10240,4,100,50,5,0
compute,10,10240,4,100,50,5,0
compute,10,10240,4,100,50,5,0
compute,10,10240,4,100,50,5,0
compute,10,10240,4,100,50,5,0
compute,10,10240,4,100,50,5,0
compute,10,10240,4,100,50,5,0
compute,10,10240,5,80,50,5,0
compute,10,10240,5,80,50,5,0
compute,10,10240,5,80,50,5,0
compute,10,10240,5,80,50,5,0
compute,10,10240,5,80,50,5,0
compute,10,10240,5,80,50,5,0
compute,10,10240,5,80,50,5,0
compute,10,10240,5,80,50,5,0
