compute,10,8192,9,188,94,5,0
compute,10,8192,9,188,94,5,0
compute,10,8192,9,188,94,5,0
compute,10,8192,9,188,94,5,0
compute,10,8192,9,188,94,5,0
compute,10,8192,9,188,94,5,0
compute,10,8192,9,188,94,5,0
compute,10,8192,9,188,94,5,0
compute,10,18432,4,188,94,5,0
compute,10,18432,4,188,94,5,0
compute,10,18432,4,188,94,5,0
compute,10,18432,4,188,94,5,0
compute,10,18432,4,188,94,5,0
compute,10,18432,4,188,94,5,0
compute,10,18432,4,188,94,5,0
compute,10,18432,4,188,94,5,0
compute,10,18432,9,80,94,5,0
compute,10,18432,9,80,94,5,0
compute,10,18432,9,80,94,5,0
compute,10,18432,9,80,94,5,0
compute,10,18432,9,80,94,5,0
compute,10,18432,9,80,94,5,0
compute,10,18432,9,80,94,5,0
compute,10,18432,9,80,94,5,0
