compute,10,24576,6,128,64,5,0
compute,10,24576,6,128,64,5,0
compute,10,24576,6,128,64,5,0
compute,10,24576,6,128,64,5,0
compute,10,24576,6,128,64,5,0
compute,10,24576,6,128,64,5,0
compute,10,24576,6,128,64,5,0
compute,10,24576,6,128,64,5,0
compute,10,12288,12,128,64,5,0
compute,10,12288,12,128,64,5,0
compute,10,12288,12,128,64,5,0
compute,10,12288,12,128,64,5,0
compute,10,12288,12,128,64,5,0
compute,10,12288,12,128,64,5,0
compute,10,12288,12,128,64,5,0
compute,10,12288,12,128,64,5,0
compute,10,12288,6,256,64,5,0
compute,10,12288,6,256,64,5,0
compute,10,12288,6,256,64,5,0
compute,10,12288,6,256,64,5,0
compute,10,12288,6,256,64,5,0
compute,10,12288,6,256,64,5,0
compute,10,12288,6,256,64,5,0
compute,10,12288,6,256,64,5,0
