compute,10,12288,6,128,10,5,0
compute,10,12288,6,128,10,5,0
compute,10,12288,6,128,10,5,0
compute,10,12288,6,128,10,5,0
compute,10,12288,6,128,10,5,0
compute,10,12288,6,128,10,5,0
compute,10,12288,6,20,64,5,0
compute,10,12288,6,20,64,5,0
compute,10,12288,6,20,64,5,0
compute,10,12288,6,20,64,5,0
compute,10,12288,6,20,64,5,0
compute,10,12288,6,20,64,5,0
compute,10,12288,1,128,64,5,0
compute,10,12288,1,128,64,5,0
compute,10,12288,1,128,64,5,0
compute,10,12288,1,128,64,5,0
compute,10,12288,1,128,64,5,0
compute,10,12288,1,128,64,5,0
compute,10,2048,6,128,64,5,0
compute,10,2048,6,128,64,5,0
compute,10,2048,6,128,64,5,0
compute,10,2048,6,128,64,5,0
compute,10,2048,6,128,64,5,0
compute,10,2048,6,128,64,5,0
