compute,10,24576,12,256,10,5,0
compute,10,24576,12,256,10,5,0
compute,10,24576,12,256,10,5,0
compute,10,24576,12,256,10,5,0
compute,10,24576,12,256,10,5,0
compute,10,24576,12,256,10,5,0
compute,10,24576,12,20,128,5,0
compute,10,24576,12,20,128,5,0
compute,10,24576,12,20,128,5,0
compute,10,24576,12,20,128,5,0
compute,10,24576,12,20,128,5,0
compute,10,24576,12,20,128,5,0
compute,10,24576,1,256,128,5,0
compute,10,24576,1,256,128,5,0
compute,10,24576,1,256,128,5,0
compute,10,24576,1,256,128,5,0
compute,10,24576,1,256,128,5,0
compute,10,24576,1,256,128,5,0
compute,10,2048,12,256,128,5,0
compute,10,2048,12,256,128,5,0
compute,10,2048,12,256,128,5,0
compute,10,2048,12,256,128,5,0
compute,10,2048,12,256,128,5,0
compute,10,2048,12,256,128,5,0
