compute,10,24576,12,256,74,5,0
compute,10,24576,12,256,74,5,0
compute,10,24576,12,256,74,5,0
compute,10,24576,12,256,74,5,0
compute,10,24576,12,256,74,5,0
compute,10,24576,12,256,74,5,0
compute,10,24576,12,148,128,5,0
compute,10,24576,12,148,128,5,0
compute,10,24576,12,148,128,5,0
compute,10,24576,12,148,128,5,0
compute,10,24576,12,148,128,5,0
compute,10,24576,12,148,128,5,0
compute,10,24576,7,256,128,5,0
compute,10,24576,7,256,128,5,0
compute,10,24576,7,256,128,5,0
compute,10,24576,7,256,128,5,0
compute,10,24576,7,256,128,5,0
compute,10,24576,7,256,128,5,0
compute,10,14336,12,256,128,5,0
compute,10,14336,12,256,128,5,0
compute,10,14336,12,256,128,5,0
compute,10,14336,12,256,128,5,0
compute,10,14336,12,256,128,5,0
compute,10,14336,12,256,128,5,0
