compute,10,8192,1,20,10,5,0
compute,10,8192,1,20,10,5,0
compute,10,8192,1,20,10,5,0
compute,10,8192,1,20,10,5,0
compute,10,8192,1,20,10,5,0
compute,10,8192,1,20,10,5,0
compute,10,8192,1,20,10,5,0
compute,10,8192,1,20,10,5,0
compute,10,2048,4,20,10,5,0
compute,10,2048,4,20,10,5,0
compute,10,2048,4,20,10,5,0
compute,10,2048,4,20,10,5,0
compute,10,2048,4,20,10,5,0
compute,10,2048,4,20,10,5,0
compute,10,2048,4,20,10,5,0
compute,10,2048,4,20,10,5,0
compute,10,2048,1,80,10,5,0
compute,10,2048,1,80,10,5,0
compute,10,2048,1,80,10,5,0
compute,10,2048,1,80,10,5,0
compute,10,2048,1,80,10,5,0
compute,10,2048,1,80,10,5,0
compute,10,2048,1,80,10,5,0
compute,10,2048,1,80,10,5,0
