compute,10,12288,7,148,74,5,0
compute,10,12288,7,148,74,5,0
compute,10,12288,7,148,74,5,0
compute,10,12288,7,148,74,5,0
compute,10,12288,7,148,74,5,0
compute,10,12288,7,148,74,5,0
compute,10,12288,7,148,74,5,0
compute,10,12288,7,148,74,5,0
compute,10,14336,6,148,74,5,0
compute,10,14336,6,148,74,5,0
compute,10,14336,6,148,74,5,0
compute,10,14336,6,148,74,5,0
compute,10,14336,6,148,74,5,0
compute,10,14336,6,148,74,5,0
compute,10,14336,6,148,74,5,0
compute,10,14336,6,148,74,5,0
compute,10,14336,7,128,74,5,0
compute,10,14336,7,128,74,5,0
compute,10,14336,7,128,74,5,0
compute,10,14336,7,128,74,5,0
compute,10,14336,7,128,74,5,0
compute,10,14336,7,128,74,5,0
compute,10,14336,7,128,74,5,0
compute,10,14336,7,128,74,5,0
