compute,10,24576,12,256,64,5,0
compute,10,24576,12,256,64,5,0
compute,10,24576,12,256,64,5,0
compute,10,24576,12,256,64,5,0
compute,10,24576,12,256,64,5,0
compute,10,24576,12,256,64,5,0
compute,10,24576,12,128,128,5,0
compute,10,24576,12,128,128,5,0
compute,10,24576,12,128,128,5,0
compute,10,24576,12,128,128,5,0
compute,10,24576,12,128,128,5,0
compute,10,24576,12,128,128,5,0
compute,10,24576,6,256,128,5,0
compute,10,24576,6,256,128,5,0
compute,10,24576,6,256,128,5,0
compute,10,24576,6,256,128,5,0
compute,10,24576,6,256,128,5,0
compute,10,24576,6,256,128,5,0
compute,10,12288,12,256,128,5,0
compute,10,12288,12,256,128,5,0
compute,10,12288,12,256,128,5,0
compute,10,12288,12,256,128,5,0
compute,10,12288,12,256,128,5,0
compute,10,12288,12,256,128,5,0
