compute,10,24576,12,228,114,5,0
compute,10,24576,12,228,114,5,0
compute,10,24576,12,228,114,5,0
compute,10,24576,12,228,114,5,0
compute,10,24576,11,256,114,5,0
compute,10,24576,11,256,114,5,0
compute,10,24576,11,256,114,5,0
compute,10,24576,11,256,114,5,0
compute,10,24576,11,228,128,5,0
compute,10,24576,11,228,128,5,0
compute,10,24576,11,228,128,5,0
compute,10,24576,11,228,128,5,0
compute,10,22528,12,256,114,5,0
compute,10,22528,12,256,114,5,0
compute,10,22528,12,256,114,5,0
compute,10,22528,12,256,114,5,0
compute,10,22528,12,228,128,5,0
compute,10,22528,12,228,128,5,0
compute,10,22528,12,228,128,5,0
compute,10,22528,12,228,128,5,0
compute,10,22528,11,256,128,5,0
compute,10,22528,11,256,128,5,0
compute,10,22528,11,256,128,5,0
compute,10,22528,11,256,128,5,0
