compute,10,14336,7,100,50,5,0
compute,10,14336,7,100,50,5,0
compute,10,14336,7,100,50,5,0
compute,10,14336,7,100,50,5,0
compute,10,14336,5,148,50,5,0
compute,10,14336,5,148,50,5,0
compute,10,14336,5,148,50,5,0
compute,10,14336,5,148,50,5,0
compute,10,14336,5,100,74,5,0
compute,10,14336,5,100,74,5,0
compute,10,14336,5,100,74,5,0
compute,10,14336,5,100,74,5,0
compute,10,10240,7,148,50,5,0
compute,10,10240,7,148,50,5,0
compute,10,10240,7,148,50,5,0
compute,10,10240,7,148,50,5,0
compute,10,10240,7,100,74,5,0
compute,10,10240,7,100,74,5,0
compute,10,10240,7,100,74,5,0
compute,10,10240,7,100,74,5,0
compute,10,10240,5,148,74,5,0
compute,10,10240,5,148,74,5,0
compute,10,10240,5,148,74,5,0
compute,10,10240,5,148,74,5,0
