compute,10,12288,6,80,40,5,0
compute,10,12288,6,80,40,5,0
compute,10,12288,6,80,40,5,0
compute,10,12288,6,80,40,5,0
compute,10,12288,4,128,40,5,0
compute,10,12288,4,128,40,5,0
compute,10,12288,4,128,40,5,0
compute,10,12288,4,128,40,5,0
compute,10,12288,4,80,64,5,0
compute,10,12288,4,80,64,5,0
compute,10,12288,4,80,64,5,0
compute,10,12288,4,80,64,5,0
compute,10,8192,6,128,40,5,0
compute,10,8192,6,128,40,5,0
compute,10,8192,6,128,40,5,0
compute,10,8192,6,128,40,5,0
compute,10,8192,6,80,64,5,0
compute,10,8192,6,80,64,5,0
compute,10,8192,6,80,64,5,0
compute,10,8192,6,80,64,5,0
compute,10,8192,4,128,64,5,0
compute,10,8192,4,128,64,5,0
compute,10,8192,4,128,64,5,0
compute,10,8192,4,128,64,5,0
