compute,10,6144,3,20,10,5,0
compute,10,6144,3,20,10,5,0
compute,10,6144,3,20,10,5,0
compute,10,6144,3,20,10,5,0
compute,10,6144,1,60,10,5,0
compute,10,6144,1,60,10,5,0
compute,10,6144,1,60,10,5,0
compute,10,6144,1,60,10,5,0
compute,10,6144,1,20,30,5,0
compute,10,6144,1,20,30,5,0
compute,10,6144,1,20,30,5,0
compute,10,6144,1,20,30,5,0
compute,10,2048,3,60,10,5,0
compute,10,2048,3,60,10,5,0
compute,10,2048,3,60,10,5,0
compute,10,2048,3,60,10,5,0
compute,10,2048,3,20,30,5,0
compute,10,2048,3,20,30,5,0
compute,10,2048,3,20,30,5,0
compute,10,2048,3,20,30,5,0
compute,10,2048,1,60,30,5,0
compute,10,2048,1,60,30,5,0
compute,10,2048,1,60,30,5,0
compute,10,2048,1,60,30,5,0
