compute,10,10240,5,20,10,5,0
compute,10,10240,5,20,10,5,0
compute,10,10240,5,20,10,5,0
compute,10,10240,5,20,10,5,0
compute,10,10240,1,100,10,5,0
compute,10,10240,1,100,10,5,0
compute,10,10240,1,100,10,5,0
compute,10,10240,1,100,10,5,0
compute,10,10240,1,20,50,5,0
compute,10,10240,1,20,50,5,0
compute,10,10240,1,20,50,5,0
compute,10,10240,1,20,50,5,0
compute,10,2048,5,100,10,5,0
compute,10,2048,5,100,10,5,0
compute,10,2048,5,100,10,5,0
compute,10,2048,5,100,10,5,0
compute,10,2048,5,20,50,5,0
compute,10,2048,5,20,50,5,0
compute,10,2048,5,20,50,5,0
compute,10,2048,5,20,50,5,0
compute,10,2048,1,100,50,5,0
compute,10,2048,1,100,50,5,0
compute,10,2048,1,100,50,5,0
compute,10,2048,1,100,50,5,0
