compute,10,22528,11,40,20,5,0
compute,10,22528,11,40,20,5,0
compute,10,22528,11,40,20,5,0
compute,10,22528,11,40,20,5,0
compute,10,22528,2,228,20,5,0
compute,10,22528,2,228,20,5,0
compute,10,22528,2,228,20,5,0
compute,10,22528,2,228,20,5,0
compute,10,22528,2,40,114,5,0
compute,10,22528,2,40,114,5,0
compute,10,22528,2,40,114,5,0
compute,10,22528,2,40,114,5,0
compute,10,4096,11,228,20,5,0
compute,10,4096,11,228,20,5,0
compute,10,4096,11,228,20,5,0
compute,10,4096,11,228,20,5,0
compute,10,4096,11,40,114,5,0
compute,10,4096,11,40,114,5,0
compute,10,4096,11,40,114,5,0
compute,10,4096,11,40,114,5,0
compute,10,4096,2,228,114,5,0
compute,10,4096,2,228,114,5,0
compute,10,4096,2,228,114,5,0
compute,10,4096,2,228,114,5,0
