compute,10,14336,7,20,10,5,0
compute,10,14336,7,20,10,5,0
compute,10,14336,7,20,10,5,0
compute,10,14336,7,20,10,5,0
compute,10,14336,1,148,10,5,0
compute,10,14336,1,148,10,5,0
compute,10,14336,1,148,10,5,0
compute,10,14336,1,148,10,5,0
compute,10,14336,1,20,74,5,0
compute,10,14336,1,20,74,5,0
compute,10,14336,1,20,74,5,0
compute,10,14336,1,20,74,5,0
compute,10,2048,7,148,10,5,0
compute,10,2048,7,148,10,5,0
compute,10,2048,7,148,10,5,0
compute,10,2048,7,148,10,5,0
compute,10,2048,7,20,74,5,0
compute,10,2048,7,20,74,5,0
compute,10,2048,7,20,74,5,0
compute,10,2048,7,20,74,5,0
compute,10,2048,1,148,74,5,0
compute,10,2048,1,148,74,5,0
compute,10,2048,1,148,74,5,0
compute,10,2048,1,148,74,5,0
