compute,10,24576,12,60,30,5,0
compute,10,24576,12,60,30,5,0
compute,10,24576,12,60,30,5,0
compute,10,24576,12,60,30,5,0
compute,10,24576,3,256,30,5,0
compute,10,24576,3,256,30,5,0
compute,10,24576,3,256,30,5,0
compute,10,24576,3,256,30,5,0
compute,10,24576,3,60,128,5,0
compute,10,24576,3,60,128,5,0
compute,10,24576,3,60,128,5,0
compute,10,24576,3,60,128,5,0
compute,10,6144,12,256,30,5,0
compute,10,6144,12,256,30,5,0
compute,10,6144,12,256,30,5,0
compute,10,6144,12,256,30,5,0
compute,10,6144,12,60,128,5,0
compute,10,6144,12,60,128,5,0
compute,10,6144,12,60,128,5,0
compute,10,6144,12,60,128,5,0
compute,10,6144,3,256,128,5,0
compute,10,6144,3,256,128,5,0
compute,10,6144,3,256,128,5,0
compute,10,6144,3,256,128,5,0
