compute,10,14336,2,40,20,5,0
compute,10,14336,2,40,20,5,0
compute,10,14336,2,40,20,5,0
compute,10,14336,2,40,20,5,0
compute,10,14336,2,40,20,5,0
compute,10,14336,2,40,20,5,0
compute,10,14336,2,40,20,5,0
compute,10,14336,2,40,20,5,0
compute,10,14336,2,40,20,5,0
compute,10,14336,2,40,20,5,0
compute,10,14336,2,40,20,5,0
compute,10,14336,2,40,20,5,0
compute,10,4096,7,40,20,5,0
compute,10,4096,7,40,20,5,0
compute,10,4096,7,40,20,5,0
compute,10,4096,7,40,20,5,0
compute,10,4096,7,40,20,5,0
compute,10,4096,7,40,20,5,0
compute,10,4096,7,40,20,5,0
compute,10,4096,7,40,20,5,0
compute,10,4096,7,40,20,5,0
compute,10,4096,7,40,20,5,0
compute,10,4096,7,40,20,5,0
compute,10,4096,7,40,20,5,0
