compute,10,24576,7,148,74,5,0
compute,10,24576,7,148,74,5,0
compute,10,24576,7,148,74,5,0
compute,10,24576,7,148,74,5,0
compute,10,24576,7,148,74,5,0
compute,10,24576,7,148,74,5,0
compute,10,24576,7,148,74,5,0
compute,10,24576,7,148,74,5,0
compute,10,24576,7,148,74,5,0
compute,10,24576,7,148,74,5,0
compute,10,24576,7,148,74,5,0
compute,10,24576,7,148,74,5,0
compute,10,14336,12,148,74,5,0
compute,10,14336,12,148,74,5,0
compute,10,14336,12,148,74,5,0
compute,10,14336,12,148,74,5,0
compute,10,14336,12,148,74,5,0
compute,10,14336,12,148,74,5,0
compute,10,14336,12,148,74,5,0
compute,10,14336,12,148,74,5,0
compute,10,14336,12,148,74,5,0
compute,10,14336,12,148,74,5,0
compute,10,14336,12,148,74,5,0
compute,10,14336,12,148,74,5,0
