compute,10,14336,3,60,30,5,0
compute,10,14336,3,60,30,5,0
compute,10,14336,3,60,30,5,0
compute,10,14336,3,60,30,5,0
compute,10,14336,3,60,30,5,0
compute,10,14336,3,60,30,5,0
compute,10,14336,3,60,30,5,0
compute,10,14336,3,60,30,5,0
compute,10,14336,3,60,30,5,0
compute,10,14336,3,60,30,5,0
compute,10,14336,3,60,30,5,0
compute,10,14336,3,60,30,5,0
compute,10,6144,7,60,30,5,0
compute,10,6144,7,60,30,5,0
compute,10,6144,7,60,30,5,0
compute,10,6144,7,60,30,5,0
compute,10,6144,7,60,30,5,0
compute,10,6144,7,60,30,5,0
compute,10,6144,7,60,30,5,0
compute,10,6144,7,60,30,5,0
compute,10,6144,7,60,30,5,0
compute,10,6144,7,60,30,5,0
compute,10,6144,7,60,30,5,0
compute,10,6144,7,60,30,5,0
