compute,10,10240,2,40,20,5,0
compute,10,10240,2,40,20,5,0
compute,10,10240,2,40,20,5,0
compute,10,10240,2,40,20,5,0
compute,10,10240,2,40,20,5,0
compute,10,10240,2,40,20,5,0
compute,10,10240,2,40,20,5,0
compute,10,10240,2,40,20,5,0
compute,10,10240,2,40,20,5,0
compute,10,10240,2,40,20,5,0
compute,10,10240,2,40,20,5,0
compute,10,10240,2,40,20,5,0
compute,10,4096,5,40,20,5,0
compute,10,4096,5,40,20,5,0
compute,10,4096,5,40,20,5,0
compute,10,4096,5,40,20,5,0
compute,10,4096,5,40,20,5,0
compute,10,4096,5,40,20,5,0
compute,10,4096,5,40,20,5,0
compute,10,4096,5,40,20,5,0
compute,10,4096,5,40,20,5,0
compute,10,4096,5,40,20,5,0
compute,10,4096,5,40,20,5,0
compute,10,4096,5,40,20,5,0
