compute,10,24576,1,20,10,5,0
compute,10,24576,1,20,10,5,0
compute,10,24576,1,20,10,5,0
compute,10,24576,1,20,10,5,0
compute,10,24576,1,20,10,5,0
compute,10,24576,1,20,10,5,0
compute,10,24576,1,20,10,5,0
compute,10,24576,1,20,10,5,0
compute,10,24576,1,20,10,5,0
compute,10,24576,1,20,10,5,0
compute,10,24576,1,20,10,5,0
compute,10,24576,1,20,10,5,0
compute,10,2048,12,20,10,5,0
compute,10,2048,12,20,10,5,0
compute,10,2048,12,20,10,5,0
compute,10,2048,12,20,10,5,0
compute,10,2048,12,20,10,5,0
compute,10,2048,12,20,10,5,0
compute,10,2048,12,20,10,5,0
compute,10,2048,12,20,10,5,0
compute,10,2048,12,20,10,5,0
compute,10,2048,12,20,10,5,0
compute,10,2048,12,20,10,5,0
compute,10,2048,12,20,10,5,0
