compute,10,24576,9,188,94,5,0
compute,10,24576,9,188,94,5,0
compute,10,24576,9,188,94,5,0
compute,10,24576,9,188,94,5,0
compute,10,24576,9,188,94,5,0
compute,10,24576,9,188,94,5,0
compute,10,24576,9,188,94,5,0
compute,10,24576,9,188,94,5,0
compute,10,24576,9,188,94,5,0
compute,10,24576,9,188,94,5,0
compute,10,24576,9,188,94,5,0
compute,10,24576,9,188,94,5,0
compute,10,18432,12,188,94,5,0
compute,10,18432,12,188,94,5,0
compute,10,18432,12,188,94,5,0
compute,10,18432,12,188,94,5,0
compute,10,18432,12,188,94,5,0
compute,10,18432,12,188,94,5,0
compute,10,18432,12,188,94,5,0
compute,10,18432,12,188,94,5,0
compute,10,18432,12,188,94,5,0
compute,10,18432,12,188,94,5,0
compute,10,18432,12,188,94,5,0
compute,10,18432,12,188,94,5,0
