compute,10,10240,6,128,64,5,0
compute,10,10240,6,128,64,5,0
compute,10,10240,6,128,64,5,0
compute,10,10240,6,128,64,5,0
compute,10,10240,6,128,64,5,0
compute,10,10240,6,128,64,5,0
compute,10,10240,6,128,64,5,0
compute,10,10240,6,128,64,5,0
compute,10,10240,6,128,64,5,0
compute,10,10240,6,128,64,5,0
compute,10,10240,6,128,64,5,0
compute,10,10240,6,128,64,5,0
compute,10,12288,5,128,64,5,0
compute,10,12288,5,128,64,5,0
compute,10,12288,5,128,64,5,0
compute,10,12288,5,128,64,5,0
compute,10,12288,5,128,64,5,0
compute,10,12288,5,128,64,5,0
compute,10,12288,5,128,64,5,0
compute,10,12288,5,128,64,5,0
compute,10,12288,5,128,64,5,0
compute,10,12288,5,128,64,5,0
compute,10,12288,5,128,64,5,0
compute,10,12288,5,128,64,5,0
