compute,10,10240,1,20,10,5,0
compute,10,10240,1,20,10,5,0
compute,10,10240,1,20,10,5,0
compute,10,10240,1,20,10,5,0
compute,10,10240,1,20,10,5,0
compute,10,10240,1,20,10,5,0
compute,10,10240,1,20,10,5,0
compute,10,10240,1,20,10,5,0
compute,10,10240,1,20,10,5,0
compute,10,10240,1,20,10,5,0
compute,10,10240,1,20,10,5,0
compute,10,10240,1,20,10,5,0
compute,10,2048,5,20,10,5,0
compute,10,2048,5,20,10,5,0
compute,10,2048,5,20,10,5,0
compute,10,2048,5,20,10,5,0
compute,10,2048,5,20,10,5,0
compute,10,2048,5,20,10,5,0
compute,10,2048,5,20,10,5,0
compute,10,2048,5,20,10,5,0
compute,10,2048,5,20,10,5,0
compute,10,2048,5,20,10,5,0
compute,10,2048,5,20,10,5,0
compute,10,2048,5,20,10,5,0
