compute,10,24576,11,228,114,5,0
compute,10,24576,11,228,114,5,0
compute,10,24576,11,228,114,5,0
compute,10,24576,11,228,114,5,0
compute,10,24576,11,228,114,5,0
compute,10,24576,11,228,114,5,0
compute,10,24576,11,228,114,5,0
compute,10,24576,11,228,114,5,0
compute,10,24576,11,228,114,5,0
compute,10,24576,11,228,114,5,0
compute,10,24576,11,228,114,5,0
compute,10,24576,11,228,114,5,0
compute,10,22528,12,228,114,5,0
compute,10,22528,12,228,114,5,0
compute,10,22528,12,228,114,5,0
compute,10,22528,12,228,114,5,0
compute,10,22528,12,228,114,5,0
compute,10,22528,12,228,114,5,0
compute,10,22528,12,228,114,5,0
compute,10,22528,12,228,114,5,0
compute,10,22528,12,228,114,5,0
compute,10,22528,12,228,114,5,0
compute,10,22528,12,228,114,5,0
compute,10,22528,12,228,114,5,0
