compute,10,22528,2,40,20,5,0
compute,10,22528,2,40,20,5,0
compute,10,22528,2,40,20,5,0
compute,10,22528,2,40,20,5,0
compute,10,22528,2,40,20,5,0
compute,10,22528,2,40,20,5,0
compute,10,22528,2,40,20,5,0
compute,10,22528,2,40,20,5,0
compute,10,22528,2,40,20,5,0
compute,10,22528,2,40,20,5,0
compute,10,22528,2,40,20,5,0
compute,10,22528,2,40,20,5,0
compute,10,4096,11,40,20,5,0
compute,10,4096,11,40,20,5,0
compute,10,4096,11,40,20,5,0
compute,10,4096,11,40,20,5,0
compute,10,4096,11,40,20,5,0
compute,10,4096,11,40,20,5,0
compute,10,4096,11,40,20,5,0
compute,10,4096,11,40,20,5,0
compute,10,4096,11,40,20,5,0
compute,10,4096,11,40,20,5,0
compute,10,4096,11,40,20,5,0
compute,10,4096,11,40,20,5,0
