compute,10,14336,1,20,10,5,0
compute,10,14336,1,20,10,5,0
compute,10,14336,1,20,10,5,0
compute,10,14336,1,20,10,5,0
compute,10,14336,1,20,10,5,0
compute,10,14336,1,20,10,5,0
compute,10,14336,1,20,10,5,0
compute,10,14336,1,20,10,5,0
compute,10,14336,1,20,10,5,0
compute,10,14336,1,20,10,5,0
compute,10,14336,1,20,10,5,0
compute,10,14336,1,20,10,5,0
compute,10,2048,7,20,10,5,0
compute,10,2048,7,20,10,5,0
compute,10,2048,7,20,10,5,0
compute,10,2048,7,20,10,5,0
compute,10,2048,7,20,10,5,0
compute,10,2048,7,20,10,5,0
compute,10,2048,7,20,10,5,0
compute,10,2048,7,20,10,5,0
compute,10,2048,7,20,10,5,0
compute,10,2048,7,20,10,5,0
compute,10,2048,7,20,10,5,0
compute,10,2048,7,20,10,5,0
