compute,10,8192,6,128,64,5,0
compute,10,8192,6,128,64,5,0
compute,10,8192,6,128,64,5,0
compute,10,8192,6,128,64,5,0
compute,10,8192,6,128,64,5,0
compute,10,8192,6,128,64,5,0
compute,10,8192,6,128,64,5,0
compute,10,8192,6,128,64,5,0
compute,10,8192,6,128,64,5,0
compute,10,8192,6,128,64,5,0
compute,10,8192,6,128,64,5,0
compute,10,8192,6,128,64,5,0
compute,10,12288,4,128,64,5,0
compute,10,12288,4,128,64,5,0
compute,10,12288,4,128,64,5,0
compute,10,12288,4,128,64,5,0
compute,10,12288,4,128,64,5,0
compute,10,12288,4,128,64,5,0
compute,10,12288,4,128,64,5,0
compute,10,12288,4,128,64,5,0
compute,10,12288,4,128,64,5,0
compute,10,12288,4,128,64,5,0
compute,10,12288,4,128,64,5,0
compute,10,12288,4,128,64,5,0
